00 00 04 14 
00 00 58 bc 
00 00 00 11
00 00 10 00
00 00 00 00
35 2e 36 2e 30 62 38 00 0d 00 
00 00 00 14 
00 00 00 81 
00 00 00 00 ff ff 64 86 d3 0a 69 d3 22 b9 9d 0b 9c cc 5b d8 0d 7e 0d 
00 00 00 00 ff ff cd 0b 1e 6d 79 5a 4d c2 b9 4e d4 71 a6 25 65 7e 4e 
00 00 00 00 ff ff 08 57 30 7b 3a 8c b7 83 c3 11 d8 ff 42 95 94 62 0b 
00 00 00 00 ff ff ff 77 28 9b 0b c7 45 88 53 e3 bd be bb 53 ca 73 5e 
00 00 00 00 ff ff d6 24 d8 7c 75 f0 79 cf 57 97 d5 7a c1 92 e1 0d 74
00 00 00 00 ff ff 3a 7c a5 d0 9a 7c 50 a9 a8 fc 40 16 c0 d9 ea cf 1e
00 00 00 00 ff ff ca 9c 68 25 f1 e6 51 6f 66 00 2c 46 ad dd 41 bc 05 
00 00 00 00 ff ff a3 d3 23 65 6f 15 5a 35 f0 79 82 cd 38 12 c1 91 62 
00 00 00 00 ff ff 64 3e 11 86 7d 6e 72 0e e8 4a 10 7e b8 46 44 bd 37 
00 00 00 00 ff ff 90 e6 e9 67 a4 36 64 4f cb 44 e1 fc f3 18 fc da 8d 
00 00 00 00 ff ff 7c 2f d9 c7 22 09 57 18 8b aa b8 0f 35 7e 8b 37 2f 
00 00 00 00 ff ff 4d 47 eb 52 c4 4b 50 42 b1 d3 3f 98 85 21 86 58 93 
00 00 00 00 ff ff a5 61 0d 8e ea 1d d3 55 fe 6d 1a be 46 7e f1 69 95 
00 00 00 00 ff ff 68 df fa 1e ee 93 c9 17 03 99 63 87 b6 00 aa 7e 9b 
00 00 00 00 ff ff 64 3e 11 86 7d 6e 72 0e e8 4a 10 7e b8 46 44 bd 7e 
00 00 00 00 ff ff 30 ef 45 34 30 f4 39 ae 3a 2f 66 f8 41 06 f0 96 13 
00 00 00 00 ff ff 63 f6 ae 20 77 a0 8e 86 bd 26 e5 77 b0 45 b7 b9 2c 
01 00 00 00 ff ff 51 96 3c 3d cc 24 19 7e ab b3 0c c6 86 84 20 d9 2d 
01 00 00 00 ff ff 66 e5 6c 6f 10 3e 8a 72 7c 7a e5 30 a8 f7 45 5d 36 
01 00 00 00 ff ff 3f 86 82 0d 23 07 52 da ee 32 68 94 b2 9c c3 d7 14 

00 00 00 00 00 00 
01 00 00 00 00 00 00 00 00 00 00 00 e6 01 00 00 00 00 00 00 
02 00 00 00 00 00 00 00 e8 01 00 00 8c 05 00 00 01 00 00 00 
03 00 00 00 00 00 00 00 78 07 00 00 d0 00 00 00 02 00 00 00 
04 00 00 00 00 00 00 00 48 08 00 00 28 00 00 00 03 00 00 00 
05 00 00 00 00 00 00 00 70 08 00 00 8d 1b 00 00 04 00 00 00 
06 00 00 00 00 00 00 00 00 24 00 00 c0 06 00 00 05 00 00 00 
07 00 00 00 00 00 00 00 c0 2a 00 00 c6 01 00 00 06 00 00 00 
08 00 00 00 00 00 00 00 88 2c 00 00 10 00 00 00 07 00 00 00 
09 00 00 00 00 00 00 00 98 2c 00 00 00 00 00 00 08 00 00 00 
0a 00 00 00 00 00 00 00 98 2c 00 00 b4 00 00 00 09 00 00 00 
0b 00 00 00 00 00 00 00 50 2d 00 00 94 15 00 00 0a 00 00 00 
0c 00 00 00 00 00 00 00 e8 42 00 00 64 02 00 00 0b 00 00 00 
0d 00 00 00 00 00 00 00 50 45 00 00 08 00 00 00 0c 00 00 00 
0e 00 00 00 00 00 00 00 58 45 00 00 0c 00 00 00 0d 00 00 00 
0f 00 00 00 00 00 00 00 68 45 00 00 00 00 00 00 0e 00 00 00 
10 00 00 00 00 00 00 00 68 45 00 00 68 01 00 00 0f 00 00 00 
11 00 00 00 00 00 00 00 d0 46 00 00 d0 00 00 00 10 00 00 00 
14 00 00 00 00 00 00 00 a0 47 00 00 a4 00 00 00 11 00 00 00 
15 00 00 00 00 00 00 00 48 48 00 00 00 00 00 00 12 00 00 00 
17 00 00 00 00 00 00 00 48 48 00 00 74 00 00 00 13 00 00 00 
00 00 00 00 03 00 00 00 00 00 00 00 00 00 00 00 00 0e 00 00 

00 00 00 00
00 00 00 00 00 6c 69 62 72 61 72 79 2f 75 6e 69
74 79 20 64 65 66 61 75 6c 74 20 72 65 73 6f 75
72 63 65 73 00 00 00 00 00 00 00 00 00 00 0f 00
00 00 00 00 00 00 00 00 00 00 72 65 73 6f 75 72
63 65 73 2f 75 6e 69 74 79 5f 62 75 69 6c 74 69
6e 5f 65 78 74 72 61 00 00 00 00 00 00 00 00 00
00 00 00 00 00 00 00 00 00 00 00 00 00 67 6c 6f
62 61 6c 67 61 6d 65 6d 61 6e 61 67 65 72 73 2e
61 73 73 65 74 73 00 00 00 00 00 00 00 00 00 00
00 00 00 00 00 00 00 00 00 00 00 00 00 00 00 00
00 00 00 00 00 00 00 00 00 00 00 00 00 00 00 00
00 00 00 00 00 00 00 00 00 00 00 00 00 00 00 00
00 00 00 00 00 00 00 00 00 00 00 00 00 00 00 00
00 00 00 00 00 00 00 00 00 00 00 00 00 00 00 00
00 00 00 00 00 00 00 00 00 00 00 00 00 00 00 00
00 00 00 00 00 00 00 00 00 00 00 00 00 00 00 00
00 00 00 00 00 00 00 00 00 00 00 00 00 00 00 00
00 00 00 00 00 00 00 00 00 00 00 00 00 00 00 00
00 00 00 00 00 00 00 00 00 00 00 00 00 00 00 00
00 00 00 00 00 00 00 00 00 00 00 00 00 00 00 00
00 00 00 00 00 00 00 00 00 00 00 00 00 00 00 00
00 00 00 00 00 00 00 00 00 00 00 00 00 00 00 00
00 00 00 00 00 00 00 00 00 00 00 00 00 00 00 00
00 00 00 00 00 00 00 00 00 00 00 00 00 00 00 00
00 00 00 00 00 00 00 00 00 00 00 00 00 00 00 00
00 00 00 00 00 00 00 00 00 00 00 00 00 00 00 00
00 00 00 00 00 00 00 00 00 00 00 00 00 00 00 00
00 00 00 00 00 00 00 00 00 00 00 00 00 00 00 00
00 00 00 00 00 00 00 00 00 00 00 00 00 00 00 00
00 00 00 00 00 00 00 00 00 00 00 00 00 00 00 00
00 00 00 00 00 00 00 00 00 00 00 00 00 00 00 00
00 00 00 00 00 00 00 00 00 00 00 00 00 00 00 00
00 00 00 00 00 00 00 00 00 00 00 00 00 00 00 00
00 00 00 00 00 00 00 00 00 00 00 00 00 00 00 00
00 00 00 00 00 00 00 00 00 00 00 00 00 00 00 00
00 00 00 00 00 00 00 00 00 00 00 00 00 00 00 00
00 00 00 00 00 00 00 00 00 00 00 00 00 00 00 00
00 00 00 00 00 00 00 00 00 00 00 00 00 00 00 00
00 00 00 00 00 00 00 00 00 00 00 00 00 00 00 00
00 00 00 00 00 00 00 00 00 00 00 00 00 00 00 00
00 00 00 00 00 00 00 00 00 00 00 00 00 00 00 00
00 00 00 00 00 00 00 00 00 00 00 00 00 00 00 00
00 00 00 00 00 00 00 00 00 00 00 00 00 00 00 00
00 00 00 00 00 00 00 00 00 00 00 00 00 00 00 00
00 00 00 00 00 00 00 00 00 00 00 00 00 00 00 00
00 00 00 00 00 00 00 00 00 00 00 00 00 00 00 00
00 00 00 00 00 00 00 00 00 00 00 00 00 00 00 00
00 00 00 00 00 00 00 00 00 00 00 00 00 00 00 00
00 00 00 00 00 00 00 00 00 00 00 00 00 00 00 00
00 00 00 00 00 00 00 00 00 00 00 00 00 00 00 00
00 00 00 00 00 00 00 00 00 00 00 00 00 00 00 00
00 00 00 00 00 00 00 00 00 00 00 00 00 00 00 00
00 00 00 00 00 00 00 00 00 00 00 00 00 00 00 00
00 00 00 00 00 00 00 00 00 00 00 00 00 00 00 00
00 00 00 00 00 00 00 00 00 00 00 00 00 00 00 00
00 00 00 00 00 00 00 00 00 00 00 00 00 00 00 00
00 00 00 00 00 00 00 00 00 00 00 00 00 00 00 00
00 00 00 00 00 00 00 00 00 00 00 00 00 00 00 00
00 00 00 00 00 00 00 00 00 00 00 00 00 00 00 00
00 00 00 00 00 00 00 00 00 00 00 00 00 00 00 00
00 00 00 00 00 00 00 00 00 00 00 00 00 00 00 00
00 00 00 00 00 00 00 00 00 00 00 00 00 00 00 00
00 00 00 00 00 00 00 00 00 00 00 00 00 00 00 00
00 00 00 00 00 00 00 00 00 00 00 00 00 00 00 00
00 00 00 00 00 00 00 00 00 00 00 00 00 00 00 00
00 00 00 00 00 00 00 00 00 00 00 00 00 00 00 00
00 00 00 00 00 00 00 00 00 00 00 00 00 00 00 00
00 00 00 00 00 00 00 00 00 00 00 00 00 00 00 00
00 00 00 00 00 00 00 00 00 00 00 00 00 00 00 00
00 00 00 00 00 00 00 00 00 00 00 00 00 00 00 00
00 00 00 00 00 00 00 00 00 00 00 00 00 00 00 00
00 00 00 00 00 00 00 00 00 00 00 00 00 00 00 00
00 00 00 00 00 00 00 00 00 00 00 00 00 00 00 00
00 00 00 00 00 00 00 00 00 00 00 00 00 00 00 00
00 00 00 00 00 00 00 00 00 00 00 00 00 00 00 00
00 00 00 00 00 00 00 00 00 00 00 00 00 00 00 00
00 00 00 00 00 00 00 00 00 00 00 00 00 00 00 00
00 00 00 00 00 00 00 00 00 00 00 00 00 00 00 00
00 00 00 00 00 00 00 00 00 00 00 00 00 00 00 00
00 00 00 00 00 00 00 00 00 00 00 00 00 00 00 00
00 00 00 00 00 00 00 00 00 00 00 00 00 00 00 00
00 00 00 00 00 00 00 00 00 00 00 00 00 00 00 00
00 00 00 00 00 00 00 00 00 00 00 00 00 00 00 00
00 00 00 00 00 00 00 00 00 00 00 00 00 00 00 00
00 00 00 00 00 00 00 00 00 00 00 00 00 00 00 00
00 00 00 00 00 00 00 00 00 00 00 00 00 00 00 00
00 00 00 00 00 00 00 00 00 00 00 00 00 00 00 00
00 00 00 00 00 00 00 00 00 00 00 00 00 00 00 00
00 00 00 00 00 00 00 00 00 00 00 00 00 00 00 00
00 00 00 00 00 00 00 00 00 00 00 00 00 00 00 00
00 00 00 00 00 00 00 00 00 00 00 00 00 00 00 00
00 00 00 00 00 00 00 00 00 00 00 00 00 00 00 00
00 00 00 00 00 00 00 00 00 00 00 00 00 00 00 00
00 00 00 00 00 00 00 00 00 00 00 00 00 00 00 00
00 00 00 00 00 00 00 00 00 00 00 00 00 00 00 00
00 00 00 00 00 00 00 00 00 00 00 00 00 00 00 00
00 00 00 00 00 00 00 00 00 00 00 00 00 00 00 00
00 00 00 00 00 00 00 00 00 00 00 00 00 00 00 00
00 00 00 00 00 00 00 00 00 00 00 00 00 00 00 00
00 00 00 00 00 00 00 00 00 00 00 00 00 00 00 00
00 00 00 00 00 00 00 00 00 00 00 00 00 00 00 00
00 00 00 00 00 00 00 00 00 00 00 00 00 00 00 00
00 00 00 00 00 00 00 00 00 00 00 00 00 00 00 00
00 00 00 00 00 00 00 00 00 00 00 00 00 00 00 00
00 00 00 00 00 00 00 00 00 00 00 00 00 00 00 00
00 00 00 00 00 00 00 00 00 00 00 00 00 00 00 00
00 00 00 00 00 00 00 00 00 00 00 00 00 00 00 00
00 00 00 00 00 00 00 00 00 00 00 00 00 00 00 00
00 00 00 00 00 00 00 00 00 00 00 00 00 00 00 00
00 00 00 00 00 00 00 00 00 00 00 00 00 00 00 00
00 00 00 00 00 00 00 00 00 00 00 00 00 00 00 00
00 00 00 00 00 00 00 00 00 00 00 00 00 00 00 00
00 00 00 00 00 00 00 00 00 00 00 00 00 00 00 00
00 00 00 00 00 00 00 00 00 00 00 00 00 00 00 00
00 00 00 00 00 00 00 00 00 00 00 00 00 00 00 00
00 00 00 00 00 00 00 00 00 00 00 00 00 00 00 00
00 00 00 00 00 00 00 00 00 00 00 00 00 00 00 00
00 00 00 00 00 00 00 00 00 00 00 00 00 00 00 00
00 00 00 00 00 00 00 00 00 00 00 00 00 00 00 00
00 00 00 00 00 00 00 00 00 00 00 00 00 00 00 00
00 00 00 00 00 00 00 00 00 00 00 00 00 00 00 00
00 00 00 00 00 00 00 00 00 00 00 00 00 00 00 00
00 00 00 00 00 00 00 00 00 00 00 00 00 00 00 00
00 00 00 00 00 00 00 00 00 00 00 00 00 00 00 00
00 00 00 00 00 00 00 00 00 00 00 00 00 00 00 00
00 00 00 00 00 00 00 00 00 00 00 00 00 00 00 00
00 00 00 00 00 00 00 00 00 00 00 00 00 00 00 00
00 00 00 00 00 00 00 00 00 00 00 00 00 00 00 00
00 00 00 00 00 00 00 00 00 00 00 00 00 00 00 00
00 00 00 00 00 00 00 00 00 00 00 00 00 00 00 00
00 00 00 00 00 00 00 00 00 00 00 00 00 00 00 00
00 00 00 00 00 00 00 00 00 00 00 00 00 00 00 00
00 00 00 00 00 00 00 00 00 00 00 00 00 00 00 00
00 00 00 00 00 00 00 00 00 00 00 00 00 00 00 00
00 00 00 00 00 00 00 00 00 00 00 00 00 00 00 00
00 00 00 00 00 00 00 00 00 00 00 00 00 00 00 00
00 00 00 00 00 00 00 00 00 00 00 00 00 00 00 00
00 00 00 00 00 00 00 00 00 00 00 00 00 00 00 00
00 00 00 00 00 00 00 00 00 00 00 00 00 00 00 00
00 00 00 00 00 00 00 00 00 00 00 00 00 00 00 00
00 00 00 00 00 00 00 00 00 00 00 00 00 00 00 00
00 00 00 00 00 00 00 00 00 00 00 00 00 00 00 00
00 00 00 00 00 00 00 00 00 00 00 00 00 00 00 00
00 00 00 00 00 00 00 00 00 00 00 00 00 00 00 00
00 00 00 00 00 00 00 00 00 00 00 00 00 00 00 00
00 00 00 00 00 00 00 00 00 00 00 00 00 00 00 00
00 00 00 00 00 00 00 00 00 00 00 00 00 00 00 00
00 00 00 00 00 00 00 00 00 00 00 00 00 00 00 00
00 00 00 00 00 00 00 00 00 00 00 00 00 00 00 00
00 00 00 00 00 00 00 00 00 00 00 00 00 00 00 00
00 00 00 00 00 00 00 00 00 00 00 00 00 00 00 00
00 00 00 00 00 00 00 00 00 00 00 00 00 00 00 00
00 00 00 00 00 00 00 00 00 00 00 00 00 00 00 00
00 00 00 00 00 00 00 00 00 00 00 00 00 00 00 00
00 00 00 00 00 00 00 00 00 00 00 00 00 00 00 00
00 00 00 00 00 00 00 00 00 00 00 00 00 00 00 00
00 00 00 00 00 00 00 00 00 00 00 00 00 00 00 00
00 00 00 00 00 00 00 00 00 00 00 00 00 00 00 00
00 00 00 00 00 00 00 00 00 00 00 00 00 00 00 00
00 00 00 00 00 00 00 00 00 00 00 00 00 00 00 00
00 00 00 00 00 00 00 00 00 00 00 00 00 00 00 00
00 00 00 00 00 00 00 00 00 00 00 00 00 00 00 00
00 00 00 00 00 00 00 00 00 00 00 00 00 00 00 00
00 00 00 00 00 00 00 00 00 00 00 00 00 00 00 00
00 00 00 00 00 00 00 00 00 00 00 00 00 00 00 00
00 00 00 00 00 00 00 00 00 00 00 00 00 00 00 00
00 00 00 00 00 00 00 00 00 00 00 00 00 00 00 00
00 00 00 00 00 00 00 00 00 00 00 00 00 00 00 00
00 00 00 00 00 00 00 00 00 00 00 00 00 00 00 00
00 00 00 00 00 00 00 00 00 00 00 00 00 00 00 00
00 00 00 00 00 00 00 00 00 00 00 00 00 00 00 00
00 00 00 00 00 00 00 00 00 00 00 00 00 00 00 00
00 00 00 00 00 00 00 00 00 00 00 00 00 00 00 00
00 00 00 00 00 00 00 00 00 00 00 00 00 00 00 00
00 00 00 00 00 00 00 00 00 00 00 00 00 00 00 00
00 00 00 00 00 00 00 00 00 00 00 00 00 00 00 00
00 00 00 00 00 00 00 00 00 00 00 00 00 00 00 00
00 00 00 00 00 00 00 00 00 00 00 00 00 00 00 00
00 00 00 00 00 00 00 00 00 00 00 00 00 00 00 00
00 00 00 00 00 00 00 00 00 00 00 00 00 00 00 00
00 00 00 00 00 00 00 00 00 00 00 00 00 00 00 00
00 00 00 00 00 00 00 00 00 00 00 00 00 00 00 00
00 00 00 00 00 00 00 00 00 00 00 00 00 00 00 00
00 00 00 00 00 00 00 00 00 00 00 00 00 00 00 00
00 00 00 00 00 00 00 00 00 00 00 00 00 00 00 00
00 00 00 00 00 00 00 00 00 00 00 00 00 00 00 00
00 00 00 00 00 00 00 00 00 00 00 00 00 00 00 00
00 00 00 00 00 00 00 00 00 00 00 00 00 00 00 00
00 00 00 00 00 00 00 00 00 00 00 00 00 00 00 00
00 00 00 00 00 00 00 00 00 00 00 00 00 00 00 00
00 00 00 00 00 00 00 00 00 00 00 00 00 00 00 00
00 00 00 00 00 00 00 00 00 00 00 00 00 00 00 00
00 00 00 00 00 00 00 00 00 00 00 00 00 00 00 00
00 00 00 00 00 00 00 00 00 00 00 00 00 00 00 00
00 00 00 00 00 00 00 00 00 00 00 00 00 00 00 00
00 00 00 00 00 00 00 00 00 00 00 00 00 00 00 00
00 00 00 00 00 00 00 00 00 00 00 00 00 00 00 00
00 00 00 00 00 00 00 00 00 00 00 00 00 00 00 00
fe b6 65 9b b8 3a ab 46 91 ca 71 46 33 06 1e 76
00 00 00 00 04 00 00 00 02 00 00 00 00 00 00 00
3c 00 00 00 0e 00 00 00 44 65 66 61 75 6c 74 43
6f 6d 70 61 6e 79 00 00 0c 00 00 00 47 76 72 50
72 6f 6a 65 63 74 31 33 00 00 00 00 00 00 00 00
00 00 00 00 00 00 00 00 00 00 00 00 89 88 08 3e
b1 b0 30 3e d9 d8 58 3e 00 00 80 3f 01 01 00 00
00 00 80 3f 01 00 00 00 01 00 00 00 00 00 00 00
00 00 80 3f 00 00 80 3f 00 00 80 3f 00 00 80 3f
00 00 00 00 00 00 00 00 00 00 80 3f 00 00 80 3f
00 00 00 00 00 00 00 00 00 00 80 3f 00 00 80 3f
00 00 00 00 00 00 00 00 00 00 00 00 00 00 00 00
00 00 00 00 00 00 00 00 00 00 00 00 00 00 00 00
00 00 00 00 00 00 00 00 00 00 00 00 00 00 00 00
00 00 00 00 00 04 00 00 00 03 00 00 c0 03 00 00
58 02 00 00 00 00 00 00 00 00 00 00 01 01 00 00
06 00 00 00 01 00 00 00 01 00 00 00 01 00 00 00
01 00 00 00 01 00 00 00 01 00 00 00 ff ff ff ff
ff ff ff ff ff ff ff ff 00 00 00 00 01 00 00 00
01 01 01 01 01 01 01 00 01 01 00 00 00 00 01 01
00 00 00 00 00 00 00 00 00 00 00 00 01 00 00 00
00 00 00 00 02 00 00 00 01 00 00 00 01 00 00 00
00 00 00 00 00 00 00 00 00 00 00 00 00 00 00 00
00 01 00 00 00 00 00 00 00 00 00 00 01 00 00 00
00 00 00 00 00 00 00 00 01 00 00 00 00 00 00 00
01 00 00 00 00 00 00 00 00 01 00 00 00 00 00 00
01 01 01 01 01 00 00 00 03 00 00 00 31 2e 30 00
00 00 00 00 00 00 00 00 01 00 00 00 00 00 00 00
00 00 00 00 00 00 00 00 00 00 00 00 01 00 00 00
00 00 00 00 00 00 00 00 00 00 00 00 00 00 00 00
00 00 00 00 00 00 00 00 12 00 00 00 0a 00 00 00
48 6f 72 69 7a 6f 6e 74 61 6c 00 00 00 00 00 00
00 00 00 00 04 00 00 00 6c 65 66 74 05 00 00 00
72 69 67 68 74 00 00 00 01 00 00 00 61 00 00 00
01 00 00 00 64 00 00 00 00 00 40 40 6f 12 83 3a
00 00 40 40 01 00 00 00 00 00 00 00 00 00 00 00
00 00 00 00 08 00 00 00 56 65 72 74 69 63 61 6c
00 00 00 00 00 00 00 00 04 00 00 00 64 6f 77 6e
02 00 00 00 75 70 00 00 01 00 00 00 73 00 00 00
01 00 00 00 77 00 00 00 00 00 40 40 6f 12 83 3a
00 00 40 40 01 00 00 00 00 00 00 00 00 00 00 00
00 00 00 00 05 00 00 00 46 69 72 65 31 00 00 00
00 00 00 00 00 00 00 00 00 00 00 00 09 00 00 00
6c 65 66 74 20 63 74 72 6c 00 00 00 00 00 00 00
07 00 00 00 6d 6f 75 73 65 20 30 00 00 00 7a 44
6f 12 83 3a 00 00 7a 44 00 00 00 00 00 00 00 00
00 00 00 00 00 00 00 00 05 00 00 00 46 69 72 65
32 00 00 00 00 00 00 00 00 00 00 00 00 00 00 00
08 00 00 00 6c 65 66 74 20 61 6c 74 00 00 00 00
07 00 00 00 6d 6f 75 73 65 20 31 00 00 00 7a 44
6f 12 83 3a 00 00 7a 44 00 00 00 00 00 00 00 00
00 00 00 00 00 00 00 00 05 00 00 00 46 69 72 65
33 00 00 00 00 00 00 00 00 00 00 00 00 00 00 00
0a 00 00 00 6c 65 66 74 20 73 68 69 66 74 00 00
00 00 00 00 07 00 00 00 6d 6f 75 73 65 20 32 00
00 00 7a 44 6f 12 83 3a 00 00 7a 44 00 00 00 00
00 00 00 00 00 00 00 00 00 00 00 00 04 00 00 00
4a 75 6d 70 00 00 00 00 00 00 00 00 00 00 00 00
05 00 00 00 73 70 61 63 65 00 00 00 00 00 00 00
00 00 00 00 00 00 7a 44 6f 12 83 3a 00 00 7a 44
00 00 00 00 00 00 00 00 00 00 00 00 00 00 00 00
07 00 00 00 4d 6f 75 73 65 20 58 00 00 00 00 00
00 00 00 00 00 00 00 00 00 00 00 00 00 00 00 00
00 00 00 00 00 00 00 00 00 00 00 00 cd cc cc 3d
00 00 00 00 01 00 00 00 00 00 00 00 00 00 00 00
07 00 00 00 4d 6f 75 73 65 20 59 00 00 00 00 00
00 00 00 00 00 00 00 00 00 00 00 00 00 00 00 00
00 00 00 00 00 00 00 00 00 00 00 00 cd cc cc 3d
00 00 00 00 01 00 00 00 01 00 00 00 00 00 00 00
11 00 00 00 4d 6f 75 73 65 20 53 63 72 6f 6c 6c
57 68 65 65 6c 00 00 00 00 00 00 00 00 00 00 00
00 00 00 00 00 00 00 00 00 00 00 00 00 00 00 00
00 00 00 00 00 00 00 00 cd cc cc 3d 00 00 00 00
01 00 00 00 02 00 00 00 00 00 00 00 0a 00 00 00
48 6f 72 69 7a 6f 6e 74 61 6c 00 00 00 00 00 00
00 00 00 00 00 00 00 00 00 00 00 00 00 00 00 00
00 00 00 00 00 00 00 00 5c 8f 42 3e 00 00 80 3f
00 00 00 00 02 00 00 00 00 00 00 00 00 00 00 00
08 00 00 00 56 65 72 74 69 63 61 6c 00 00 00 00
00 00 00 00 00 00 00 00 00 00 00 00 00 00 00 00
00 00 00 00 00 00 00 00 5c 8f 42 3e 00 00 80 3f
00 01 00 00 02 00 00 00 01 00 00 00 00 00 00 00
05 00 00 00 46 69 72 65 31 00 00 00 00 00 00 00
00 00 00 00 00 00 00 00 11 00 00 00 6a 6f 79 73
74 69 63 6b 20 62 75 74 74 6f 6e 20 30 00 00 00
00 00 00 00 00 00 00 00 00 00 7a 44 6f 12 83 3a
00 00 7a 44 00 00 00 00 00 00 00 00 00 00 00 00
00 00 00 00 05 00 00 00 46 69 72 65 32 00 00 00
00 00 00 00 00 00 00 00 00 00 00 00 11 00 00 00
6a 6f 79 73 74 69 63 6b 20 62 75 74 74 6f 6e 20
31 00 00 00 00 00 00 00 00 00 00 00 00 00 7a 44
6f 12 83 3a 00 00 7a 44 00 00 00 00 00 00 00 00
00 00 00 00 00 00 00 00 05 00 00 00 46 69 72 65
33 00 00 00 00 00 00 00 00 00 00 00 00 00 00 00
11 00 00 00 6a 6f 79 73 74 69 63 6b 20 62 75 74
74 6f 6e 20 32 00 00 00 00 00 00 00 00 00 00 00
00 00 7a 44 6f 12 83 3a 00 00 7a 44 00 00 00 00
00 00 00 00 00 00 00 00 00 00 00 00 04 00 00 00
4a 75 6d 70 00 00 00 00 00 00 00 00 00 00 00 00
11 00 00 00 6a 6f 79 73 74 69 63 6b 20 62 75 74
74 6f 6e 20 33 00 00 00 00 00 00 00 00 00 00 00
00 00 7a 44 6f 12 83 3a 00 00 7a 44 00 00 00 00
00 00 00 00 00 00 00 00 00 00 00 00 06 00 00 00
53 75 62 6d 69 74 00 00 00 00 00 00 00 00 00 00
00 00 00 00 06 00 00 00 72 65 74 75 72 6e 00 00
00 00 00 00 11 00 00 00 6a 6f 79 73 74 69 63 6b
20 62 75 74 74 6f 6e 20 30 00 00 00 00 00 7a 44
6f 12 83 3a 00 00 7a 44 00 00 00 00 00 00 00 00
00 00 00 00 00 00 00 00 06 00 00 00 53 75 62 6d
69 74 00 00 00 00 00 00 00 00 00 00 00 00 00 00
05 00 00 00 65 6e 74 65 72 00 00 00 00 00 00 00
05 00 00 00 73 70 61 63 65 00 00 00 00 00 7a 44
6f 12 83 3a 00 00 7a 44 00 00 00 00 00 00 00 00
00 00 00 00 00 00 00 00 06 00 00 00 43 61 6e 63
65 6c 00 00 00 00 00 00 00 00 00 00 00 00 00 00
06 00 00 00 65 73 63 61 70 65 00 00 00 00 00 00
11 00 00 00 6a 6f 79 73 74 69 63 6b 20 62 75 74
74 6f 6e 20 31 00 00 00 00 00 7a 44 6f 12 83 3a
00 00 7a 44 00 00 00 00 00 00 00 00 00 00 00 00
00 00 00 00 00 00 00 00 00 00 00 00 20 00 00 00
07 00 00 00 44 65 66 61 75 6c 74 00 0d 00 00 00
54 72 61 6e 73 70 61 72 65 6e 74 46 58 00 00 00
0e 00 00 00 49 67 6e 6f 72 65 20 52 61 79 63 61
73 74 00 00 00 00 00 00 05 00 00 00 57 61 74 65
72 00 00 00 02 00 00 00 55 49 00 00 00 00 00 00
00 00 00 00 00 00 00 00 00 00 00 00 00 00 00 00
00 00 00 00 00 00 00 00 00 00 00 00 00 00 00 00
00 00 00 00 00 00 00 00 00 00 00 00 00 00 00 00
00 00 00 00 00 00 00 00 00 00 00 00 00 00 00 00
00 00 00 00 00 00 00 00 00 00 00 00 00 00 00 00
00 00 00 00 00 00 00 00 00 00 00 00 00 00 00 00
00 00 00 00 01 00 00 00 07 00 00 00 44 65 66 61
75 6c 74 00 00 00 00 00 00 00 80 3f 00 00 80 3f
00 00 80 3f 02 00 00 00 00 00 00 00 00 00 00 00
00 02 00 00 20 00 00 00 00 00 00 00 00 01 00 00
96 00 00 00 01 00 00 00 11 00 00 00 00 00 00 00
1a 00 00 00 48 69 64 64 65 6e 2f 49 6e 74 65 72
6e 61 6c 45 72 72 6f 72 53 68 61 64 65 72 00 00
01 00 00 00 44 00 00 00 00 00 00 00 14 00 00 00
48 69 64 64 65 6e 2f 49 6e 74 65 72 6e 61 6c 43
6c 65 61 72 01 00 00 00 45 00 00 00 00 00 00 00
17 00 00 00 48 69 64 64 65 6e 2f 49 6e 74 65 72
6e 61 6c 2d 43 6f 6c 6f 72 65 64 00 01 00 00 00
75 27 00 00 00 00 00 00 0f 00 00 00 47 55 49 2f
54 65 78 74 20 53 68 61 64 65 72 00 01 00 00 00
03 2a 00 00 00 00 00 00 27 00 00 00 48 69 64 64
65 6e 2f 46 72 61 6d 65 44 65 62 75 67 67 65 72
52 65 6e 64 65 72 54 61 72 67 65 74 44 69 73 70
6c 61 79 00 02 00 00 00 13 00 00 00 00 00 00 00
1c 00 00 00 48 69 64 64 65 6e 2f 49 6e 74 65 72
6e 61 6c 2d 53 74 65 6e 63 69 6c 57 72 69 74 65
02 00 00 00 41 00 00 00 00 00 00 00 23 00 00 00
48 69 64 64 65 6e 2f 49 6e 74 65 72 6e 61 6c 2d
43 6f 6d 62 69 6e 65 44 65 70 74 68 4e 6f 72 6d
61 6c 73 00 02 00 00 00 42 00 00 00 00 00 00 00
0f 00 00 00 48 69 64 64 65 6e 2f 42 6c 69 74 43
6f 70 79 00 00 00 00 00 00 00 00 00 00 00 00 00
19 00 00 00 53 74 61 6e 64 61 72 64 20 28 53 70
65 63 75 6c 61 72 20 73 65 74 75 70 29 00 00 00
00 00 00 00 00 00 00 00 00 00 00 00 08 00 00 00
53 74 61 6e 64 61 72 64 02 00 00 00 3f 00 00 00
00 00 00 00 1f 00 00 00 48 69 64 64 65 6e 2f 49
6e 74 65 72 6e 61 6c 2d 50 72 65 50 61 73 73 4c
69 67 68 74 69 6e 67 00 02 00 00 00 40 00 00 00
00 00 00 00 22 00 00 00 48 69 64 64 65 6e 2f 49
6e 74 65 72 6e 61 6c 2d 53 63 72 65 65 6e 53 70
61 63 65 53 68 61 64 6f 77 73 00 00 02 00 00 00
3e 00 00 00 00 00 00 00 23 00 00 00 48 69 64 64
65 6e 2f 49 6e 74 65 72 6e 61 6c 2d 44 65 70 74
68 4e 6f 72 6d 61 6c 73 54 65 78 74 75 72 65 00
02 00 00 00 4a 00 00 00 00 00 00 00 23 00 00 00
48 69 64 64 65 6e 2f 49 6e 74 65 72 6e 61 6c 2d
44 65 66 65 72 72 65 64 52 65 66 6c 65 63 74 69
6f 6e 73 00 02 00 00 00 45 00 00 00 00 00 00 00
1f 00 00 00 48 69 64 64 65 6e 2f 49 6e 74 65 72
6e 61 6c 2d 44 65 66 65 72 72 65 64 53 68 61 64
69 6e 67 00 02 00 00 00 4b 00 00 00 00 00 00 00
1d 00 00 00 48 69 64 64 65 6e 2f 49 6e 74 65 72
6e 61 6c 2d 4d 6f 74 69 6f 6e 56 65 63 74 6f 72
73 00 00 00 02 00 00 00 06 00 00 00 00 00 00 00
18 00 00 00 4c 65 67 61 63 79 20 53 68 61 64 65
72 73 2f 56 65 72 74 65 78 4c 69 74 00 00 00 00
00 00 00 00 00 00 00 00 1b 00 00 00 4c 65 67 61
63 79 20 53 68 61 64 65 72 73 2f 44 69 66 66 75
73 65 20 46 61 73 74 00 02 00 00 00 07 00 00 00
00 00 00 00 16 00 00 00 4c 65 67 61 63 79 20 53
68 61 64 65 72 73 2f 44 69 66 66 75 73 65 00 00
00 00 00 00 00 00 00 00 00 00 00 00 1d 00 00 00
4c 65 67 61 63 79 20 53 68 61 64 65 72 73 2f 42
75 6d 70 65 64 20 44 69 66 66 75 73 65 00 00 00
00 00 00 00 00 00 00 00 00 00 00 00 17 00 00 00
4c 65 67 61 63 79 20 53 68 61 64 65 72 73 2f 53
70 65 63 75 6c 61 72 00 00 00 00 00 00 00 00 00
00 00 00 00 1e 00 00 00 4c 65 67 61 63 79 20 53
68 61 64 65 72 73 2f 42 75 6d 70 65 64 20 53 70
65 63 75 6c 61 72 00 00 00 00 00 00 00 00 00 00
00 00 00 00 1d 00 00 00 4c 65 67 61 63 79 20 53
68 61 64 65 72 73 2f 44 69 66 66 75 73 65 20 44
65 74 61 69 6c 00 00 00 00 00 00 00 00 00 00 00
00 00 00 00 25 00 00 00 4c 65 67 61 63 79 20 53
68 61 64 65 72 73 2f 53 65 6c 66 2d 49 6c 6c 75
6d 69 6e 2f 56 65 72 74 65 78 4c 69 74 00 00 00
00 00 00 00 00 00 00 00 00 00 00 00 23 00 00 00
4c 65 67 61 63 79 20 53 68 61 64 65 72 73 2f 53
65 6c 66 2d 49 6c 6c 75 6d 69 6e 2f 44 69 66 66
75 73 65 00 00 00 00 00 00 00 00 00 00 00 00 00
2a 00 00 00 4c 65 67 61 63 79 20 53 68 61 64 65
72 73 2f 53 65 6c 66 2d 49 6c 6c 75 6d 69 6e 2f
42 75 6d 70 65 64 20 44 69 66 66 75 73 65 00 00
00 00 00 00 00 00 00 00 00 00 00 00 24 00 00 00
4c 65 67 61 63 79 20 53 68 61 64 65 72 73 2f 53
65 6c 66 2d 49 6c 6c 75 6d 69 6e 2f 53 70 65 63
75 6c 61 72 00 00 00 00 00 00 00 00 00 00 00 00
2b 00 00 00 4c 65 67 61 63 79 20 53 68 61 64 65
72 73 2f 53 65 6c 66 2d 49 6c 6c 75 6d 69 6e 2f
42 75 6d 70 65 64 20 53 70 65 63 75 6c 61 72 00
00 00 00 00 00 00 00 00 00 00 00 00 23 00 00 00
4c 65 67 61 63 79 20 53 68 61 64 65 72 73 2f 52
65 66 6c 65 63 74 69 76 65 2f 56 65 72 74 65 78
4c 69 74 00 00 00 00 00 00 00 00 00 00 00 00 00
26 00 00 00 4c 65 67 61 63 79 20 53 68 61 64 65
72 73 2f 52 65 66 6c 65 63 74 69 76 65 2f 42 75
6d 70 65 64 20 55 6e 6c 69 74 00 00 00 00 00 00
00 00 00 00 00 00 00 00 21 00 00 00 4c 65 67 61
63 79 20 53 68 61 64 65 72 73 2f 52 65 66 6c 65
63 74 69 76 65 2f 44 69 66 66 75 73 65 00 00 00
00 00 00 00 00 00 00 00 00 00 00 00 28 00 00 00
4c 65 67 61 63 79 20 53 68 61 64 65 72 73 2f 52
65 66 6c 65 63 74 69 76 65 2f 42 75 6d 70 65 64
20 44 69 66 66 75 73 65 00 00 00 00 00 00 00 00
00 00 00 00 2a 00 00 00 4c 65 67 61 63 79 20 53
68 61 64 65 72 73 2f 52 65 66 6c 65 63 74 69 76
65 2f 42 75 6d 70 65 64 20 56 65 72 74 65 78 4c
69 74 00 00 00 00 00 00 00 00 00 00 00 00 00 00
22 00 00 00 4c 65 67 61 63 79 20 53 68 61 64 65
72 73 2f 52 65 66 6c 65 63 74 69 76 65 2f 53 70
65 63 75 6c 61 72 00 00 00 00 00 00 00 00 00 00
00 00 00 00 29 00 00 00 4c 65 67 61 63 79 20 53
68 61 64 65 72 73 2f 52 65 66 6c 65 63 74 69 76
65 2f 42 75 6d 70 65 64 20 53 70 65 63 75 6c 61
72 00 00 00 00 00 00 00 00 00 00 00 00 00 00 00
24 00 00 00 4c 65 67 61 63 79 20 53 68 61 64 65
72 73 2f 54 72 61 6e 73 70 61 72 65 6e 74 2f 56
65 72 74 65 78 4c 69 74 00 00 00 00 00 00 00 00
00 00 00 00 22 00 00 00 4c 65 67 61 63 79 20 53
68 61 64 65 72 73 2f 54 72 61 6e 73 70 61 72 65
6e 74 2f 44 69 66 66 75 73 65 00 00 00 00 00 00
00 00 00 00 00 00 00 00 29 00 00 00 4c 65 67 61
63 79 20 53 68 61 64 65 72 73 2f 54 72 61 6e 73
70 61 72 65 6e 74 2f 42 75 6d 70 65 64 20 44 69
66 66 75 73 65 00 00 00 00 00 00 00 00 00 00 00
00 00 00 00 23 00 00 00 4c 65 67 61 63 79 20 53
68 61 64 65 72 73 2f 54 72 61 6e 73 70 61 72 65
6e 74 2f 53 70 65 63 75 6c 61 72 00 00 00 00 00
00 00 00 00 00 00 00 00 2a 00 00 00 4c 65 67 61
63 79 20 53 68 61 64 65 72 73 2f 54 72 61 6e 73
70 61 72 65 6e 74 2f 42 75 6d 70 65 64 20 53 70
65 63 75 6c 61 72 00 00 00 00 00 00 00 00 00 00
00 00 00 00 2b 00 00 00 4c 65 67 61 63 79 20 53
68 61 64 65 72 73 2f 54 72 61 6e 73 70 61 72 65
6e 74 2f 43 75 74 6f 75 74 2f 56 65 72 74 65 78
4c 69 74 00 00 00 00 00 00 00 00 00 00 00 00 00
29 00 00 00 4c 65 67 61 63 79 20 53 68 61 64 65
72 73 2f 54 72 61 6e 73 70 61 72 65 6e 74 2f 43
75 74 6f 75 74 2f 44 69 66 66 75 73 65 00 00 00
00 00 00 00 00 00 00 00 00 00 00 00 30 00 00 00
4c 65 67 61 63 79 20 53 68 61 64 65 72 73 2f 54
72 61 6e 73 70 61 72 65 6e 74 2f 43 75 74 6f 75
74 2f 42 75 6d 70 65 64 20 44 69 66 66 75 73 65
00 00 00 00 00 00 00 00 00 00 00 00 2a 00 00 00
4c 65 67 61 63 79 20 53 68 61 64 65 72 73 2f 54
72 61 6e 73 70 61 72 65 6e 74 2f 43 75 74 6f 75
74 2f 53 70 65 63 75 6c 61 72 00 00 00 00 00 00
00 00 00 00 00 00 00 00 31 00 00 00 4c 65 67 61
63 79 20 53 68 61 64 65 72 73 2f 54 72 61 6e 73
70 61 72 65 6e 74 2f 43 75 74 6f 75 74 2f 42 75
6d 70 65 64 20 53 70 65 63 75 6c 61 72 00 00 00
00 00 00 00 00 00 00 00 00 00 00 00 1f 00 00 00
4c 65 67 61 63 79 20 53 68 61 64 65 72 73 2f 50
61 72 61 6c 6c 61 78 20 44 69 66 66 75 73 65 00
00 00 00 00 00 00 00 00 00 00 00 00 20 00 00 00
4c 65 67 61 63 79 20 53 68 61 64 65 72 73 2f 50
61 72 61 6c 6c 61 78 20 53 70 65 63 75 6c 61 72
00 00 00 00 00 00 00 00 00 00 00 00 2c 00 00 00
4c 65 67 61 63 79 20 53 68 61 64 65 72 73 2f 53
65 6c 66 2d 49 6c 6c 75 6d 69 6e 2f 50 61 72 61
6c 6c 61 78 20 44 69 66 66 75 73 65 00 00 00 00
00 00 00 00 00 00 00 00 2d 00 00 00 4c 65 67 61
63 79 20 53 68 61 64 65 72 73 2f 53 65 6c 66 2d
49 6c 6c 75 6d 69 6e 2f 50 61 72 61 6c 6c 61 78
20 53 70 65 63 75 6c 61 72 00 00 00 00 00 00 00
00 00 00 00 00 00 00 00 2a 00 00 00 4c 65 67 61
63 79 20 53 68 61 64 65 72 73 2f 52 65 66 6c 65
63 74 69 76 65 2f 50 61 72 61 6c 6c 61 78 20 44
69 66 66 75 73 65 00 00 00 00 00 00 00 00 00 00
00 00 00 00 2b 00 00 00 4c 65 67 61 63 79 20 53
68 61 64 65 72 73 2f 52 65 66 6c 65 63 74 69 76
65 2f 50 61 72 61 6c 6c 61 78 20 53 70 65 63 75
6c 61 72 00 00 00 00 00 00 00 00 00 00 00 00 00
2b 00 00 00 4c 65 67 61 63 79 20 53 68 61 64 65
72 73 2f 54 72 61 6e 73 70 61 72 65 6e 74 2f 50
61 72 61 6c 6c 61 78 20 44 69 66 66 75 73 65 00
00 00 00 00 00 00 00 00 00 00 00 00 2c 00 00 00
4c 65 67 61 63 79 20 53 68 61 64 65 72 73 2f 54
72 61 6e 73 70 61 72 65 6e 74 2f 50 61 72 61 6c
6c 61 78 20 53 70 65 63 75 6c 61 72 00 00 00 00
00 00 00 00 00 00 00 00 31 00 00 00 4c 65 67 61
63 79 20 53 68 61 64 65 72 73 2f 54 72 61 6e 73
70 61 72 65 6e 74 2f 43 75 74 6f 75 74 2f 53 6f
66 74 20 45 64 67 65 20 55 6e 6c 69 74 00 00 00
00 00 00 00 00 00 00 00 00 00 00 00 14 00 00 00
4c 65 67 61 63 79 20 53 68 61 64 65 72 73 2f 44
65 63 61 6c 02 00 00 00 66 00 00 00 00 00 00 00
15 00 00 00 48 69 64 64 65 6e 2f 49 6e 74 65 72
6e 61 6c 2d 46 6c 61 72 65 00 00 00 00 00 00 00
00 00 00 00 00 00 00 00 08 00 00 00 46 58 2f 46
6c 61 72 65 00 00 00 00 00 00 00 00 00 00 00 00
0e 00 00 00 53 6b 79 62 6f 78 2f 43 75 62 65 6d
61 70 00 00 00 00 00 00 00 00 00 00 00 00 00 00
0e 00 00 00 53 6b 79 62 6f 78 2f 36 20 53 69 64
65 64 00 00 02 00 00 00 69 00 00 00 00 00 00 00
14 00 00 00 48 69 64 64 65 6e 2f 49 6e 74 65 72
6e 61 6c 2d 48 61 6c 6f 00 00 00 00 00 00 00 00
00 00 00 00 11 00 00 00 53 6b 79 62 6f 78 2f 50
72 6f 63 65 64 75 72 61 6c 00 00 00 00 00 00 00
00 00 00 00 00 00 00 00 12 00 00 00 50 61 72 74
69 63 6c 65 73 2f 41 64 64 69 74 69 76 65 00 00
00 00 00 00 00 00 00 00 00 00 00 00 1c 00 00 00
50 61 72 74 69 63 6c 65 73 2f 7e 41 64 64 69 74
69 76 65 2d 4d 75 6c 74 69 70 6c 79 00 00 00 00
00 00 00 00 00 00 00 00 19 00 00 00 50 61 72 74
69 63 6c 65 73 2f 41 64 64 69 74 69 76 65 20 28
53 6f 66 74 29 00 00 00 00 00 00 00 00 00 00 00
00 00 00 00 17 00 00 00 50 61 72 74 69 63 6c 65
73 2f 41 6c 70 68 61 20 42 6c 65 6e 64 65 64 00
00 00 00 00 00 00 00 00 00 00 00 00 12 00 00 00
50 61 72 74 69 63 6c 65 73 2f 4d 75 6c 74 69 70
6c 79 00 00 00 00 00 00 00 00 00 00 00 00 00 00
1b 00 00 00 50 61 72 74 69 63 6c 65 73 2f 4d 75
6c 74 69 70 6c 79 20 28 44 6f 75 62 6c 65 29 00
00 00 00 00 00 00 00 00 00 00 00 00 23 00 00 00
50 61 72 74 69 63 6c 65 73 2f 41 6c 70 68 61 20
42 6c 65 6e 64 65 64 20 50 72 65 6d 75 6c 74 69
70 6c 79 00 00 00 00 00 00 00 00 00 00 00 00 00
1b 00 00 00 50 61 72 74 69 63 6c 65 73 2f 56 65
72 74 65 78 4c 69 74 20 42 6c 65 6e 64 65 64 00
00 00 00 00 00 00 00 00 00 00 00 00 0f 00 00 00
53 70 72 69 74 65 73 2f 44 69 66 66 75 73 65 00
00 00 00 00 00 00 00 00 00 00 00 00 26 00 00 00
48 69 64 64 65 6e 2f 54 65 72 72 61 69 6e 45 6e
67 69 6e 65 2f 44 65 74 61 69 6c 73 2f 56 65 72
74 65 78 6c 69 74 00 00 00 00 00 00 00 00 00 00
00 00 00 00 2d 00 00 00 48 69 64 64 65 6e 2f 54
65 72 72 61 69 6e 45 6e 67 69 6e 65 2f 44 65 74
61 69 6c 73 2f 57 61 76 69 6e 67 44 6f 75 62 6c
65 50 61 73 73 00 00 00 00 00 00 00 00 00 00 00
00 00 00 00 36 00 00 00 48 69 64 64 65 6e 2f 54
65 72 72 61 69 6e 45 6e 67 69 6e 65 2f 44 65 74
61 69 6c 73 2f 42 69 6c 6c 62 6f 61 72 64 57 61
76 69 6e 67 44 6f 75 62 6c 65 50 61 73 73 00 00
00 00 00 00 00 00 00 00 00 00 00 00 16 00 00 00
4e 61 74 75 72 65 2f 54 65 72 72 61 69 6e 2f 44
69 66 66 75 73 65 00 00 00 00 00 00 00 00 00 00
00 00 00 00 2d 00 00 00 48 69 64 64 65 6e 2f 54
65 72 72 61 69 6e 45 6e 67 69 6e 65 2f 53 70 6c
61 74 6d 61 70 2f 44 69 66 66 75 73 65 2d 41 64
64 50 61 73 73 00 00 00 00 00 00 00 00 00 00 00
00 00 00 00 22 00 00 00 48 69 64 64 65 6e 2f 54
65 72 72 61 69 6e 45 6e 67 69 6e 65 2f 42 69 6c
6c 62 6f 61 72 64 54 72 65 65 00 00 00 00 00 00
00 00 00 00 00 00 00 00 24 00 00 00 4c 65 67 61
63 79 20 53 68 61 64 65 72 73 2f 4c 69 67 68 74
6d 61 70 70 65 64 2f 56 65 72 74 65 78 4c 69 74
00 00 00 00 00 00 00 00 00 00 00 00 22 00 00 00
4c 65 67 61 63 79 20 53 68 61 64 65 72 73 2f 4c
69 67 68 74 6d 61 70 70 65 64 2f 44 69 66 66 75
73 65 00 00 00 00 00 00 00 00 00 00 00 00 00 00
29 00 00 00 4c 65 67 61 63 79 20 53 68 61 64 65
72 73 2f 4c 69 67 68 74 6d 61 70 70 65 64 2f 42
75 6d 70 65 64 20 44 69 66 66 75 73 65 00 00 00
00 00 00 00 00 00 00 00 00 00 00 00 23 00 00 00
4c 65 67 61 63 79 20 53 68 61 64 65 72 73 2f 4c
69 67 68 74 6d 61 70 70 65 64 2f 53 70 65 63 75
6c 61 72 00 00 00 00 00 00 00 00 00 00 00 00 00
2a 00 00 00 4c 65 67 61 63 79 20 53 68 61 64 65
72 73 2f 4c 69 67 68 74 6d 61 70 70 65 64 2f 42
75 6d 70 65 64 20 53 70 65 63 75 6c 61 72 00 00
02 00 00 00 28 23 00 00 00 00 00 00 1e 00 00 00
48 69 64 64 65 6e 2f 49 6e 74 65 72 6e 61 6c 2d
47 55 49 54 65 78 74 75 72 65 43 6c 69 70 00 00
02 00 00 00 29 23 00 00 00 00 00 00 22 00 00 00
48 69 64 64 65 6e 2f 49 6e 74 65 72 6e 61 6c 2d
47 55 49 54 65 78 74 75 72 65 43 6c 69 70 54 65
78 74 00 00 02 00 00 00 2a 23 00 00 00 00 00 00
1a 00 00 00 48 69 64 64 65 6e 2f 49 6e 74 65 72
6e 61 6c 2d 47 55 49 54 65 78 74 75 72 65 00 00
02 00 00 00 2b 23 00 00 00 00 00 00 1e 00 00 00
48 69 64 64 65 6e 2f 49 6e 74 65 72 6e 61 6c 2d
47 55 49 54 65 78 74 75 72 65 42 6c 69 74 00 00
00 00 00 00 00 00 00 00 00 00 00 00 30 00 00 00
48 69 64 64 65 6e 2f 4e 61 74 75 72 65 2f 54 72
65 65 20 53 6f 66 74 20 4f 63 63 6c 75 73 69 6f
6e 20 42 61 72 6b 20 52 65 6e 64 65 72 74 65 78
00 00 00 00 00 00 00 00 00 00 00 00 1f 00 00 00
4e 61 74 75 72 65 2f 54 72 65 65 20 53 6f 66 74
20 4f 63 63 6c 75 73 69 6f 6e 20 42 61 72 6b 00
00 00 00 00 00 00 00 00 00 00 00 00 32 00 00 00
48 69 64 64 65 6e 2f 4e 61 74 75 72 65 2f 54 72
65 65 20 53 6f 66 74 20 4f 63 63 6c 75 73 69 6f
6e 20 4c 65 61 76 65 73 20 52 65 6e 64 65 72 74
65 78 00 00 00 00 00 00 00 00 00 00 00 00 00 00
21 00 00 00 4e 61 74 75 72 65 2f 54 72 65 65 20
53 6f 66 74 20 4f 63 63 6c 75 73 69 6f 6e 20 4c
65 61 76 65 73 00 00 00 00 00 00 00 00 00 00 00
00 00 00 00 18 00 00 00 4e 61 74 75 72 65 2f 54
72 65 65 20 43 72 65 61 74 6f 72 20 42 61 72 6b
00 00 00 00 00 00 00 00 00 00 00 00 1a 00 00 00
4e 61 74 75 72 65 2f 54 72 65 65 20 43 72 65 61
74 6f 72 20 4c 65 61 76 65 73 00 00 00 00 00 00
00 00 00 00 00 00 00 00 29 00 00 00 48 69 64 64
65 6e 2f 4e 61 74 75 72 65 2f 54 72 65 65 20 43
72 65 61 74 6f 72 20 42 61 72 6b 20 52 65 6e 64
65 72 74 65 78 00 00 00 00 00 00 00 00 00 00 00
00 00 00 00 2b 00 00 00 48 69 64 64 65 6e 2f 4e
61 74 75 72 65 2f 54 72 65 65 20 43 72 65 61 74
6f 72 20 4c 65 61 76 65 73 20 52 65 6e 64 65 72
74 65 78 00 00 00 00 00 00 00 00 00 00 00 00 00
29 00 00 00 48 69 64 64 65 6e 2f 4e 61 74 75 72
65 2f 54 72 65 65 20 43 72 65 61 74 6f 72 20 42
61 72 6b 20 4f 70 74 69 6d 69 7a 65 64 00 00 00
00 00 00 00 00 00 00 00 00 00 00 00 2b 00 00 00
48 69 64 64 65 6e 2f 4e 61 74 75 72 65 2f 54 72
65 65 20 43 72 65 61 74 6f 72 20 4c 65 61 76 65
73 20 4f 70 74 69 6d 69 7a 65 64 00 00 00 00 00
00 00 00 00 00 00 00 00 1f 00 00 00 4e 61 74 75
72 65 2f 54 72 65 65 20 43 72 65 61 74 6f 72 20
4c 65 61 76 65 73 20 46 61 73 74 00 00 00 00 00
00 00 00 00 00 00 00 00 30 00 00 00 48 69 64 64
65 6e 2f 4e 61 74 75 72 65 2f 54 72 65 65 20 43
72 65 61 74 6f 72 20 4c 65 61 76 65 73 20 46 61
73 74 20 4f 70 74 69 6d 69 7a 65 64 00 00 00 00
00 00 00 00 00 00 00 00 17 00 00 00 4e 61 74 75
72 65 2f 54 65 72 72 61 69 6e 2f 53 70 65 63 75
6c 61 72 00 00 00 00 00 00 00 00 00 00 00 00 00
2e 00 00 00 48 69 64 64 65 6e 2f 54 65 72 72 61
69 6e 45 6e 67 69 6e 65 2f 53 70 6c 61 74 6d 61
70 2f 53 70 65 63 75 6c 61 72 2d 41 64 64 50 61
73 73 00 00 00 00 00 00 00 00 00 00 00 00 00 00
2b 00 00 00 48 69 64 64 65 6e 2f 54 65 72 72 61
69 6e 45 6e 67 69 6e 65 2f 53 70 6c 61 74 6d 61
70 2f 53 70 65 63 75 6c 61 72 2d 42 61 73 65 00
00 00 00 00 00 00 00 00 00 00 00 00 17 00 00 00
4e 61 74 75 72 65 2f 54 65 72 72 61 69 6e 2f 53
74 61 6e 64 61 72 64 00 00 00 00 00 00 00 00 00
00 00 00 00 2e 00 00 00 48 69 64 64 65 6e 2f 54
65 72 72 61 69 6e 45 6e 67 69 6e 65 2f 53 70 6c
61 74 6d 61 70 2f 53 74 61 6e 64 61 72 64 2d 41
64 64 50 61 73 73 00 00 00 00 00 00 00 00 00 00
00 00 00 00 2b 00 00 00 48 69 64 64 65 6e 2f 54
65 72 72 61 69 6e 45 6e 67 69 6e 65 2f 53 70 6c
61 74 6d 61 70 2f 53 74 61 6e 64 61 72 64 2d 42
61 73 65 00 00 00 00 00 00 00 00 00 00 00 00 00
0d 00 00 00 4d 6f 62 69 6c 65 2f 53 6b 79 62 6f
78 00 00 00 00 00 00 00 00 00 00 00 00 00 00 00
10 00 00 00 4d 6f 62 69 6c 65 2f 56 65 72 74 65
78 4c 69 74 00 00 00 00 00 00 00 00 00 00 00 00
0e 00 00 00 4d 6f 62 69 6c 65 2f 44 69 66 66 75
73 65 00 00 00 00 00 00 00 00 00 00 00 00 00 00
15 00 00 00 4d 6f 62 69 6c 65 2f 42 75 6d 70 65
64 20 44 69 66 66 75 73 65 00 00 00 00 00 00 00
00 00 00 00 00 00 00 00 16 00 00 00 4d 6f 62 69
6c 65 2f 42 75 6d 70 65 64 20 53 70 65 63 75 6c
61 72 00 00 00 00 00 00 00 00 00 00 00 00 00 00
2c 00 00 00 4d 6f 62 69 6c 65 2f 42 75 6d 70 65
64 20 53 70 65 63 75 6c 61 72 20 28 31 20 44 69
72 65 63 74 69 6f 6e 61 6c 20 4c 69 67 68 74 29
00 00 00 00 00 00 00 00 00 00 00 00 2a 00 00 00
4d 6f 62 69 6c 65 2f 56 65 72 74 65 78 4c 69 74
20 28 4f 6e 6c 79 20 44 69 72 65 63 74 69 6f 6e
61 6c 20 4c 69 67 68 74 73 29 00 00 00 00 00 00
00 00 00 00 00 00 00 00 20 00 00 00 4d 6f 62 69
6c 65 2f 55 6e 6c 69 74 20 28 53 75 70 70 6f 72
74 73 20 4c 69 67 68 74 6d 61 70 29 00 00 00 00
00 00 00 00 00 00 00 00 19 00 00 00 4d 6f 62 69
6c 65 2f 50 61 72 74 69 63 6c 65 73 2f 41 64 64
69 74 69 76 65 00 00 00 00 00 00 00 00 00 00 00
00 00 00 00 1e 00 00 00 4d 6f 62 69 6c 65 2f 50
61 72 74 69 63 6c 65 73 2f 41 6c 70 68 61 20 42
6c 65 6e 64 65 64 00 00 00 00 00 00 00 00 00 00
00 00 00 00 22 00 00 00 4d 6f 62 69 6c 65 2f 50
61 72 74 69 63 6c 65 73 2f 56 65 72 74 65 78 4c
69 74 20 42 6c 65 6e 64 65 64 00 00 00 00 00 00
00 00 00 00 00 00 00 00 19 00 00 00 4d 6f 62 69
6c 65 2f 50 61 72 74 69 63 6c 65 73 2f 4d 75 6c
74 69 70 6c 79 00 00 00 00 00 00 00 00 00 00 00
00 00 00 00 11 00 00 00 55 6e 6c 69 74 2f 54 72
61 6e 73 70 61 72 65 6e 74 00 00 00 00 00 00 00
00 00 00 00 00 00 00 00 18 00 00 00 55 6e 6c 69
74 2f 54 72 61 6e 73 70 61 72 65 6e 74 20 43 75
74 6f 75 74 00 00 00 00 00 00 00 00 00 00 00 00
0d 00 00 00 55 6e 6c 69 74 2f 54 65 78 74 75 72
65 00 00 00 02 00 00 00 01 2a 00 00 00 00 00 00
0f 00 00 00 53 70 72 69 74 65 73 2f 44 65 66 61
75 6c 74 00 00 00 00 00 00 00 00 00 00 00 00 00
0b 00 00 00 55 6e 6c 69 74 2f 43 6f 6c 6f 72 00
00 00 00 00 00 00 00 00 00 00 00 00 14 00 00 00
55 49 2f 55 6e 6c 69 74 2f 54 72 61 6e 73 70 61
72 65 6e 74 00 00 00 00 00 00 00 00 00 00 00 00
0f 00 00 00 55 49 2f 55 6e 6c 69 74 2f 44 65 74
61 69 6c 00 00 00 00 00 00 00 00 00 00 00 00 00
0d 00 00 00 55 49 2f 55 6e 6c 69 74 2f 54 65 78
74 00 00 00 00 00 00 00 00 00 00 00 00 00 00 00
14 00 00 00 55 49 2f 55 6e 6c 69 74 2f 54 65 78
74 20 44 65 74 61 69 6c 00 00 00 00 00 00 00 00
00 00 00 00 12 00 00 00 55 49 2f 4c 69 74 2f 54
72 61 6e 73 70 61 72 65 6e 74 00 00 00 00 00 00
00 00 00 00 00 00 00 00 0d 00 00 00 55 49 2f 4c
69 74 2f 42 75 6d 70 65 64 00 00 00 00 00 00 00
00 00 00 00 00 00 00 00 0d 00 00 00 55 49 2f 4c
69 74 2f 44 65 74 61 69 6c 00 00 00 00 00 00 00
00 00 00 00 00 00 00 00 11 00 00 00 55 49 2f 4c
69 74 2f 52 65 66 72 61 63 74 69 6f 6e 00 00 00
00 00 00 00 00 00 00 00 00 00 00 00 18 00 00 00
55 49 2f 4c 69 74 2f 52 65 66 72 61 63 74 69 6f
6e 20 44 65 74 61 69 6c 02 00 00 00 12 2a 00 00
00 00 00 00 0a 00 00 00 55 49 2f 44 65 66 61 75
6c 74 00 00 02 00 00 00 1e 2a 00 00 00 00 00 00
0f 00 00 00 55 49 2f 44 65 66 61 75 6c 74 20 46
6f 6e 74 00 00 00 00 00 00 00 00 00 00 00 00 00
0e 00 00 00 55 49 2f 44 65 66 61 75 6c 74 45 54
43 31 00 00 00 00 00 00 00 00 00 00 00 00 00 00
10 00 00 00 4e 61 74 75 72 65 2f 53 70 65 65 64
54 72 65 65 00 00 00 00 00 00 00 00 00 00 00 00
1a 00 00 00 4e 61 74 75 72 65 2f 53 70 65 65 64
54 72 65 65 20 42 69 6c 6c 62 6f 61 72 64 00 00
00 00 00 00 00 00 00 00 00 00 00 00 18 00 00 00
48 69 64 64 65 6e 2f 47 49 44 65 62 75 67 2f 54
65 78 74 75 72 65 55 56 00 00 00 00 00 00 00 00
00 00 00 00 1e 00 00 00 48 69 64 64 65 6e 2f 47
49 44 65 62 75 67 2f 55 56 31 73 41 73 50 6f 73
69 74 69 6f 6e 73 00 00 00 00 00 00 00 00 00 00
00 00 00 00 1b 00 00 00 48 69 64 64 65 6e 2f 47
49 44 65 62 75 67 2f 56 65 72 74 65 78 43 6f 6c
6f 72 73 00 02 00 00 00 00 3b 00 00 00 00 00 00
0f 00 00 00 48 69 64 64 65 6e 2f 43 75 62 65 42
6c 75 72 00 02 00 00 00 01 3b 00 00 00 00 00 00
0f 00 00 00 48 69 64 64 65 6e 2f 43 75 62 65 43
6f 70 79 00 02 00 00 00 02 3b 00 00 00 00 00 00
10 00 00 00 48 69 64 64 65 6e 2f 43 75 62 65 42
6c 65 6e 64 02 00 00 00 43 00 00 00 00 00 00 00
14 00 00 00 48 69 64 64 65 6e 2f 42 6c 69 74 43
6f 70 79 44 65 70 74 68 02 00 00 00 44 00 00 00
00 00 00 00 15 00 00 00 48 69 64 64 65 6e 2f 43
6f 6e 76 65 72 74 54 65 78 74 75 72 65 00 00 00
00 00 00 00 00 00 00 00 00 00 00 00 1c 00 00 00
50 61 72 74 69 63 6c 65 73 2f 41 6e 69 6d 20 41
6c 70 68 61 20 42 6c 65 6e 64 65 64 00 00 00 00
00 00 00 00 00 00 00 00 1c 00 00 00 48 69 64 64
65 6e 2f 47 49 44 65 62 75 67 2f 53 68 6f 77 4c
69 67 68 74 4d 61 73 6b 00 00 00 00 00 00 00 00
00 00 00 00 1b 00 00 00 56 52 2f 53 70 61 74 69
61 6c 4d 61 70 70 69 6e 67 2f 4f 63 63 6c 75 73
69 6f 6e 00 00 00 00 00 00 00 00 00 00 00 00 00
1b 00 00 00 56 52 2f 53 70 61 74 69 61 6c 4d 61
70 70 69 6e 67 2f 57 69 72 65 66 72 61 6d 65 00
02 00 00 00 c8 3b 00 00 00 00 00 00 1e 00 00 00
48 69 64 64 65 6e 2f 56 52 2f 42 6c 69 74 43 6f
70 79 46 72 6f 6d 54 65 78 41 72 72 61 79 00 00
00 00 00 00 00 00 00 00 00 00 00 00 1f 00 00 00
48 69 64 64 65 6e 2f 56 52 2f 49 6e 74 65 72 6e
61 6c 2d 56 52 44 69 73 74 6f 72 74 69 6f 6e 00
02 00 00 00 80 3e 00 00 00 00 00 00 12 00 00 00
48 69 64 64 65 6e 2f 56 69 64 65 6f 44 65 63 6f
64 65 00 00 00 00 00 00 00 00 00 00 00 00 00 00
15 00 00 00 48 69 64 64 65 6e 2f 56 69 64 65 6f
44 65 63 6f 64 65 4f 53 58 00 00 00 00 00 00 00
82 00 00 00 01 00 00 00 de 2e 00 00 00 00 00 00
01 00 00 00 e1 2e 00 00 00 00 00 00 03 00 00 00
44 00 00 00 00 00 00 00 03 00 00 00 1e 00 00 00
00 00 00 00 03 00 00 00 68 00 00 00 00 00 00 00
03 00 00 00 0a 00 00 00 00 00 00 00 03 00 00 00
73 00 00 00 00 00 00 00 03 00 00 00 18 00 00 00
00 00 00 00 03 00 00 00 6c 00 00 00 00 00 00 00
03 00 00 00 7e 00 00 00 00 00 00 00 03 00 00 00
78 00 00 00 00 00 00 00 03 00 00 00 58 00 00 00
00 00 00 00 03 00 00 00 35 00 00 00 00 00 00 00
03 00 00 00 08 00 00 00 00 00 00 00 03 00 00 00
4e 00 00 00 00 00 00 00 03 00 00 00 66 00 00 00
00 00 00 00 03 00 00 00 04 00 00 00 00 00 00 00
03 00 00 00 3b 00 00 00 00 00 00 00 03 00 00 00
56 00 00 00 00 00 00 00 03 00 00 00 32 00 00 00
00 00 00 00 03 00 00 00 52 00 00 00 00 00 00 00
03 00 00 00 75 00 00 00 00 00 00 00 03 00 00 00
39 00 00 00 00 00 00 00 03 00 00 00 22 00 00 00
00 00 00 00 03 00 00 00 15 00 00 00 00 00 00 00
03 00 00 00 28 00 00 00 00 00 00 00 03 00 00 00
11 00 00 00 00 00 00 00 03 00 00 00 30 00 00 00
00 00 00 00 03 00 00 00 20 00 00 00 00 00 00 00
03 00 00 00 7a 00 00 00 00 00 00 00 03 00 00 00
43 00 00 00 00 00 00 00 03 00 00 00 3f 00 00 00
00 00 00 00 03 00 00 00 06 00 00 00 00 00 00 00
03 00 00 00 6a 00 00 00 00 00 00 00 03 00 00 00
3d 00 00 00 00 00 00 00 03 00 00 00 6f 00 00 00
00 00 00 00 03 00 00 00 41 00 00 00 00 00 00 00
03 00 00 00 5e 00 00 00 00 00 00 00 03 00 00 00
54 00 00 00 00 00 00 00 03 00 00 00 82 00 00 00
00 00 00 00 03 00 00 00 24 00 00 00 00 00 00 00
03 00 00 00 80 00 00 00 00 00 00 00 03 00 00 00
50 00 00 00 00 00 00 00 03 00 00 00 64 00 00 00
00 00 00 00 03 00 00 00 1d 00 00 00 00 00 00 00
03 00 00 00 67 00 00 00 00 00 00 00 03 00 00 00
09 00 00 00 00 00 00 00 03 00 00 00 72 00 00 00
00 00 00 00 03 00 00 00 17 00 00 00 00 00 00 00
03 00 00 00 6b 00 00 00 00 00 00 00 03 00 00 00
7d 00 00 00 00 00 00 00 03 00 00 00 77 00 00 00
00 00 00 00 03 00 00 00 57 00 00 00 00 00 00 00
03 00 00 00 34 00 00 00 00 00 00 00 03 00 00 00
07 00 00 00 00 00 00 00 03 00 00 00 4d 00 00 00
00 00 00 00 03 00 00 00 65 00 00 00 00 00 00 00
03 00 00 00 03 00 00 00 00 00 00 00 03 00 00 00
3a 00 00 00 00 00 00 00 03 00 00 00 55 00 00 00
00 00 00 00 03 00 00 00 31 00 00 00 00 00 00 00
03 00 00 00 51 00 00 00 00 00 00 00 03 00 00 00
74 00 00 00 00 00 00 00 03 00 00 00 38 00 00 00
00 00 00 00 03 00 00 00 21 00 00 00 00 00 00 00
03 00 00 00 14 00 00 00 00 00 00 00 03 00 00 00
27 00 00 00 00 00 00 00 03 00 00 00 10 00 00 00
00 00 00 00 03 00 00 00 2f 00 00 00 00 00 00 00
03 00 00 00 1f 00 00 00 00 00 00 00 03 00 00 00
79 00 00 00 00 00 00 00 03 00 00 00 42 00 00 00
00 00 00 00 03 00 00 00 3e 00 00 00 00 00 00 00
03 00 00 00 05 00 00 00 00 00 00 00 03 00 00 00
69 00 00 00 00 00 00 00 03 00 00 00 3c 00 00 00
00 00 00 00 03 00 00 00 6e 00 00 00 00 00 00 00
03 00 00 00 40 00 00 00 00 00 00 00 03 00 00 00
5d 00 00 00 00 00 00 00 03 00 00 00 53 00 00 00
00 00 00 00 03 00 00 00 81 00 00 00 00 00 00 00
03 00 00 00 23 00 00 00 00 00 00 00 03 00 00 00
7f 00 00 00 00 00 00 00 03 00 00 00 4f 00 00 00
00 00 00 00 03 00 00 00 63 00 00 00 00 00 00 00
03 00 00 00 71 00 00 00 00 00 00 00 03 00 00 00
1a 00 00 00 00 00 00 00 03 00 00 00 13 00 00 00
00 00 00 00 03 00 00 00 4c 00 00 00 00 00 00 00
03 00 00 00 2a 00 00 00 00 00 00 00 03 00 00 00
48 00 00 00 00 00 00 00 03 00 00 00 2e 00 00 00
00 00 00 00 03 00 00 00 46 00 00 00 00 00 00 00
03 00 00 00 60 00 00 00 00 00 00 00 03 00 00 00
62 00 00 00 00 00 00 00 03 00 00 00 26 00 00 00
00 00 00 00 03 00 00 00 0c 00 00 00 00 00 00 00
03 00 00 00 1c 00 00 00 00 00 00 00 03 00 00 00
2c 00 00 00 00 00 00 00 03 00 00 00 5c 00 00 00
00 00 00 00 03 00 00 00 7c 00 00 00 00 00 00 00
03 00 00 00 5a 00 00 00 00 00 00 00 03 00 00 00
0f 00 00 00 00 00 00 00 03 00 00 00 4a 00 00 00
00 00 00 00 03 00 00 00 37 00 00 00 00 00 00 00
03 00 00 00 70 00 00 00 00 00 00 00 03 00 00 00
19 00 00 00 00 00 00 00 03 00 00 00 12 00 00 00
00 00 00 00 03 00 00 00 4b 00 00 00 00 00 00 00
03 00 00 00 29 00 00 00 00 00 00 00 03 00 00 00
47 00 00 00 00 00 00 00 03 00 00 00 2d 00 00 00
00 00 00 00 03 00 00 00 45 00 00 00 00 00 00 00
03 00 00 00 5f 00 00 00 00 00 00 00 03 00 00 00
61 00 00 00 00 00 00 00 03 00 00 00 25 00 00 00
00 00 00 00 03 00 00 00 0b 00 00 00 00 00 00 00
03 00 00 00 1b 00 00 00 00 00 00 00 03 00 00 00
2b 00 00 00 00 00 00 00 03 00 00 00 0d 00 00 00
00 00 00 00 03 00 00 00 16 00 00 00 00 00 00 00
03 00 00 00 5b 00 00 00 00 00 00 00 03 00 00 00
7b 00 00 00 00 00 00 00 03 00 00 00 59 00 00 00
00 00 00 00 03 00 00 00 0e 00 00 00 00 00 00 00
03 00 00 00 49 00 00 00 00 00 00 00 03 00 00 00
36 00 00 00 00 00 00 00 03 00 00 00 33 00 00 00
00 00 00 00 03 00 00 00 6d 00 00 00 00 00 00 00
03 00 00 00 76 00 00 00 00 00 00 00 07 00 00 00
0f 00 00 00 55 6e 69 74 79 45 6e 67 69 6e 65 2e
64 6c 6c 00 00 00 00 00 12 00 00 00 55 6e 69 74
79 45 6e 67 69 6e 65 2e 55 49 2e 64 6c 6c 00 00
1a 00 00 00 55 6e 69 74 79 45 6e 67 69 6e 65 2e
4e 65 74 77 6f 72 6b 69 6e 67 2e 64 6c 6c 00 00
1a 00 00 00 55 6e 69 74 79 45 6e 67 69 6e 65 2e
54 65 73 74 52 75 6e 6e 65 72 2e 64 6c 6c 00 00
13 00 00 00 6e 75 6e 69 74 2e 66 72 61 6d 65 77
6f 72 6b 2e 64 6c 6c 00 12 00 00 00 55 6e 69 74
79 45 6e 67 69 6e 65 2e 56 52 2e 64 6c 6c 00 00
01 00 00 00 02 00 00 00 45 00 00 00 00 00 00 00
01 00 00 00 02 00 00 00 4a 00 00 00 00 00 00 00
01 00 00 00 02 00 00 00 40 00 00 00 00 00 00 00
01 00 00 00 02 00 00 00 3f 00 00 00 00 00 00 00
01 00 00 00 02 00 00 00 3e 00 00 00 00 00 00 00
01 00 00 00 02 00 00 00 4b 00 00 00 00 00 00 00
01 00 00 00 02 00 00 00 69 00 00 00 00 00 00 00
01 00 00 00 02 00 00 00 66 00 00 00 00 00 00 00
13 00 00 00 02 00 00 00 07 00 00 00 00 00 00 00
02 00 00 00 00 3b 00 00 00 00 00 00 02 00 00 00
01 3b 00 00 00 00 00 00 02 00 00 00 02 3b 00 00
00 00 00 00 02 00 00 00 01 2a 00 00 00 00 00 00
02 00 00 00 12 2a 00 00 00 00 00 00 02 00 00 00
1e 2a 00 00 00 00 00 00 02 00 00 00 80 3e 00 00
00 00 00 00 02 00 00 00 13 00 00 00 00 00 00 00
02 00 00 00 41 00 00 00 00 00 00 00 02 00 00 00
42 00 00 00 00 00 00 00 02 00 00 00 43 00 00 00
00 00 00 00 02 00 00 00 13 00 00 00 00 00 00 00
02 00 00 00 28 23 00 00 00 00 00 00 02 00 00 00
29 23 00 00 00 00 00 00 02 00 00 00 2a 23 00 00
00 00 00 00 02 00 00 00 2b 23 00 00 00 00 00 00
02 00 00 00 44 00 00 00 00 00 00 00 02 00 00 00
c8 3b 00 00 00 00 00 00 00 00 00 00 03 00 00 00
02 00 00 00 00 00 00 00 00 00 00 00 00 00 00 00
00 00 00 00 00 00 00 00 00 00 00 00 00 00 00 00
00 00 80 3f 01 00 00 00 02 00 00 00 19 00 00 00
00 00 00 00 01 00 00 00 02 00 00 00 19 00 00 00
00 00 00 00 01 00 00 00 02 00 00 00 19 00 00 00
00 00 00 00 00 00 00 00 0a d7 a3 3c ab aa aa 3e
00 00 80 3f 8f c2 f5 3c 00 00 00 00 c3 f5 1c c1
00 00 00 00 00 00 00 00 00 00 00 00 00 00 00 00
00 00 00 40 0a d7 a3 3b 0a d7 23 3c 06 00 00 00
01 00 00 00 00 01 00 01 20 00 00 00 ff ff ff ff
ff ff ff ff ff ff ff ff ff ff ff ff ff ff ff ff
ff ff ff ff ff ff ff ff ff ff ff ff ff ff ff ff
ff ff ff ff ff ff ff ff ff ff ff ff ff ff ff ff
ff ff ff ff ff ff ff ff ff ff ff ff ff ff ff ff
ff ff ff ff ff ff ff ff ff ff ff ff ff ff ff ff
ff ff ff ff ff ff ff ff ff ff ff ff ff ff ff ff
ff ff ff ff ff ff ff ff ff ff ff ff ff ff ff ff
ff ff ff ff ff ff ff ff ff ff ff ff 00 00 00 00
01 00 00 00 11 00 00 00 41 73 73 65 74 73 2f 74
65 73 74 2e 75 6e 69 74 79 00 00 00 01 00 00 00
1c 00 00 00 41 75 64 69 6f 50 6c 75 67 69 6e 4f
63 75 6c 75 73 53 70 61 74 69 61 6c 69 7a 65 72
01 00 00 00 08 00 00 00 
64 61 79 64 72 65 61 6d
00 00 00 00 
e1 93 c4 8d 5f 4d 5d 47 98 07 3e bd e1 0d c7 57

00 00 00 00 00 01 01 01 01 00 01 00
00 00 00 00 07 00 00 00 35 2e 36 2e 30 62 38 00
50 00 00 00 33 38 34 35 65 66 35 36 64 62 63 35
38 37 36 62 34 61 35 33 37 38 64 32 30 31 64 32
37 35 65 65 32 31 62 39 61 62 61 62 62 33 65 35
65 65 61 62 38 66 36 65 35 32 62 33 35 37 64 30
61 37 34 33 37 30 38 33 31 34 65 34 35 65 61 37
31 31 38 61 9a 00 00 00 01 00 00 00 13 7c e6 11
c2 e1 d7 19 82 d2 c8 4b ce 12 d0 d6 c4 00 00 00
30 6f 0c 27 39 dc 8a d5 4f b4 a1 a4 4d 1a 38 80
17 00 00 00 da 6c 98 be e8 d7 01 44 37 89 37 68
04 f7 f6 2f 2b 00 00 00 43 4b 93 4f 75 7d 04 2e
20 f5 2d 8c 2a e2 08 43 04 00 00 00 93 7a 6b 5c
5f 5b 31 31 85 d2 52 e3 8d 14 5b 17 c3 00 00 00
3d 35 29 30 c8 98 97 7e 79 86 41 cd 19 6c a5 82
d0 00 00 00 72 59 cd fd 37 9e 58 5b 5d 87 6c 85
7f 23 d5 00 73 00 00 00 2d a9 c9 6f 9e fc 8b 31
a4 80 d5 b8 85 87 55 f3 02 00 00 00 ad 16 38 fd
fe 5c f0 5d 14 4e 29 b8 4c be d1 f4 4a 00 00 00
29 4e b3 51 57 0d d8 f6 c3 c9 46 44 d6 39 5c a3
72 00 00 00 75 1e 5b ae 2a 31 72 88 c2 ab 58 d6
66 87 09 2b 5f 00 00 00 c4 c6 29 93 97 1a 4c 23
3b ae 8f 89 54 b4 50 9c 15 00 00 00 66 40 54 47
c6 97 3a 81 e9 78 41 0c 39 11 72 fe d4 00 00 00
b0 ac f6 3f 2d ca 44 08 b7 3d 92 92 4c 61 98 be
3f 01 00 00 1f 77 b2 28 20 5c 78 ee 0d f7 e2 b6
34 86 38 53 5b 00 00 00 12 87 34 60 c6 42 bd a0
bf 9e 3d 57 28 3c d6 73 6f 00 00 00 cc 8f 6e 05
14 3e 04 94 94 c7 ea c0 55 3f 38 83 21 00 00 00
9d 16 30 b1 d7 e3 bc 24 ab e4 6e 58 60 a2 a1 79
1c 00 00 00 01 05 3c 13 f5 ac c2 4d 92 36 a5 e6
e7 e1 41 0d 31 00 00 00 93 67 39 f4 5f 26 fd 8b
81 a4 ea 70 f2 c8 ca d4 30 00 00 00 a7 0f 7a bc
65 86 fb 35 b3 a0 64 1a a8 1e 93 75 68 00 00 00
00 ad 97 2a 9b 8d e1 ba ea cb 62 e2 97 cb b9 68
b9 00 00 00 24 3e 2e 81 fb e3 dc 49 d8 7e 94 22
1f 66 ff 00 6c 00 00 00 39 42 73 13 62 a8 42 8b
7e 28 68 3c 9c 6a da b0 d7 00 00 00 17 65 e8 63
3d 2f eb 09 38 bc 6d 97 dc b4 1b 84 df 00 00 00
d8 08 2d 7a 36 61 a3 f9 ca 00 a9 3a 61 60 65 85
e0 00 00 00 eb 5e 28 16 ce bf 56 98 5b a8 1e e0
33 49 f3 25 f0 00 00 00 a3 1f b0 96 b8 4d 6c d9
f5 6a 93 d5 d3 e3 39 67 14 00 00 00 46 fd a2 d1
31 e6 5f 94 26 46 2f ee ce bc 25 c4 48 00 00 00
aa 3d eb 7a b2 cc a4 7e 5f fd b8 6c 6a 8b c5 7b
d5 00 00 00 43 ed 01 39 6e 5b 50 97 dc dc 33 64
9b 6d a0 5a 8e 00 00 00 f2 84 ab b6 f2 df 17 eb
ed ae 2b 6b 50 43 68 10 9c 00 00 00 d4 0b 96 b4
b3 be 9d 7b de aa c0 9e aa 9b c4 22 cd 00 00 00
a9 a5 f9 12 a2 d6 26 2f 8a b8 c4 01 65 27 74 a2
03 01 00 00 25 5c 18 ae 83 7c 38 40 67 2e db 60
a3 8d 7a cf dc 00 00 00 26 ec dc 45 b6 9a 23 3c
5e a7 f0 b5 d8 cd 11 c8 9a 00 00 00 93 93 42 bc
21 bc b6 fb 85 76 68 17 c0 ff d3 44 80 00 00 00
9a 83 84 6b dc 10 f2 4d e3 18 3b 3d 1b 51 0d 5c
47 01 00 00 28 58 7d a1 0b a6 c3 3a 5c 21 8b 30
df a9 54 c8 98 00 00 00 bc 55 15 84 77 81 10 12
97 2f b0 d4 b5 72 d9 00 59 00 00 00 1e f8 dc 1e
91 e0 cd 01 bd 07 03 6e 66 65 ea 40 b8 00 00 00
77 8b 96 c3 a0 c2 ea c4 3e 5d 7f 28 92 9f 73 75
f1 00 00 00 58 39 85 4f 43 5c c7 e9 09 49 66 fb
28 f1 d4 fd ee 00 00 00 00 c8 79 71 a6 9c 52 af
df 34 ed eb d3 cf 2f cd 9d 00 00 00 69 b0 1d b1
28 62 5a a9 5f 1f 92 fb 89 0f f0 45 83 00 00 00
bc 44 f3 fd 1f 7a 53 38 5f 63 2e 6a 3d db 17 13
c6 00 00 00 23 e7 cf 6b 3b 10 22 99 45 9c f0 2c
80 50 3b 30 89 00 00 00 46 a1 ab dc 02 41 e5 1e
68 d7 97 97 7b 54 57 9e ba 00 00 00 93 4a 4f f4
2f 13 a2 14 2e d9 34 d3 00 ab bc 51 f5 00 00 00
e9 13 b1 90 fb 6c a5 8c d5 cb b5 17 54 56 1b d1
10 01 00 00 48 b8 a4 58 c6 41 bc d5 19 1d 25 17
13 45 40 97 f3 00 00 00 7d b9 44 4f 76 a2 b8 f4
39 e4 58 1d 22 74 d3 6b 11 01 00 00 86 0d c6 74
12 95 67 91 70 21 b6 ab d6 8d b2 fd c8 00 00 00
26 16 5a 24 a9 53 36 2e db 6a 70 78 f6 53 6c 4b
22 01 00 00 3f ee bc 04 9b 6d c5 c2 d1 5c d3 c3
f1 39 a6 0a 96 00 00 00 74 d3 87 e7 f1 b0 ef 0e
14 6e 96 94 00 05 54 6f 53 00 00 00 43 27 4e 7f
98 14 13 70 ab b5 b2 63 1e 93 0d 83 b7 00 00 00
ad d9 5e 23 49 93 87 f9 b7 2b 01 6b cc a5 85 e0
94 00 00 00 20 bf 4a ca 1e e3 fa 7c 48 b4 8a 4c
df 14 92 d9 52 00 00 00 26 b8 68 54 c3 3b ca 2e
fc 96 92 ce 14 f5 96 6d 51 00 00 00 30 5e 4a ea
cb b6 4b 15 86 25 10 da d4 75 02 cb a7 00 00 00
47 e4 15 e4 de d4 37 31 67 18 ef 63 8d ad d1 bb
36 00 00 00 d1 9c 5b 14 d3 d7 fe 6c db ba 6b 28
f2 6b c5 f4 c7 00 00 00 ae 72 b8 a7 34 67 85 8f
90 47 91 a0 96 03 c5 46 da 00 00 00 0f bd c3 61
ed 14 3e 4d ae 27 dc c4 af 7c a0 c1 6d 00 00 00
93 67 39 f4 5f 26 fd 8b 81 a4 ea 70 f2 c8 ca d4
54 00 00 00 62 6e 47 f1 2c 9e 82 cb e8 d2 2e 58
e9 c2 24 41 56 00 00 00 86 90 15 ae ce fc ab 20
5d 03 3d a7 52 9b a9 15 79 00 00 00 a6 ee d3 72
1e fd 15 a2 67 38 b1 8d b4 6b e1 2f 86 00 00 00
3f ff e3 ab 51 76 cc e0 86 5f 5f f4 f2 fa 42 7d
3e 00 00 00 4e 58 8b 63 32 55 46 34 ea 7e 07 f6
68 0f 05 82 dd 00 00 00 2f 25 cd db a4 c1 cc f1
63 83 b1 75 86 0f 18 17 02 01 00 00 b3 5b f0 29
52 f2 94 62 08 ff 6b 4d ec a3 a6 a9 77 00 00 00
ed ad 32 ef 3d 0f b8 ce 79 39 27 32 fe 8b 10 60
b6 00 00 00 07 e9 72 f9 55 15 e2 da b3 3d 93 f8
e5 9c de 4d c0 00 00 00 4e 69 1a 67 e8 c2 a4 46
e6 43 5a 7b 55 db 38 28 29 00 00 00 5c f1 0a 08
f4 7b d0 64 0a af 8a cb 15 51 04 24 7b 00 00 00
85 27 94 be cb cf 95 f6 69 92 da 2b 96 a6 97 04
40 00 00 00 d2 53 1e 35 08 48 e6 0e 36 06 15 b9
c0 04 78 95 41 00 00 00 43 9e 66 a8 9c 7f de f6
f0 92 7c 92 56 c0 77 3a 88 00 00 00 fb f6 b0 31
c3 2e 46 1e e6 1b e4 29 e5 fe e7 eb 8f 00 00 00
07 7d e6 5c 2e d5 b9 b0 87 6e 65 37 a9 3c 48 2d
3b 00 00 00 6c cd 29 96 84 22 b0 c7 27 65 59 00
a0 21 b3 3e 99 00 00 00 bc dc be af e7 99 35 5f
39 a4 3b 26 3d 10 38 9b 91 00 00 00 09 c7 e8 cc
c2 e5 bf d1 eb b3 1a f8 15 65 dd 86 90 00 00 00
42 9d 36 1f 55 ef ef 6f 67 d4 94 35 92 19 f2 80
87 00 00 00 8c 86 f4 ac 6b 7f 47 c0 45 56 0d 43
83 aa dc 8d 92 00 00 00 7f 81 4e ab b6 6e 0f b6
a8 2a 15 ef 17 f7 e1 d3 46 00 00 00 89 a1 a5 36
d0 c7 04 d2 4f 74 fd c2 48 c2 88 18 3d 00 00 00
30 52 0d 6e 00 d7 21 08 49 10 fa ce 9f 41 61 f1
3a 00 00 00 87 38 57 af 69 49 4a db db 73 03 1b
a3 68 ec 03 44 00 00 00 cc f4 cd 24 14 23 c1 f8
5c 3e f0 3a a2 e0 a8 bb 3c 00 00 00 a2 03 d7 ba
9e 37 bf 3e 94 43 d8 b1 92 f3 33 76 42 00 00 00
92 88 33 7f be e9 15 00 c4 15 2b 3c 59 5b 9d 72
84 00 00 00 27 65 3c 16 98 7c 2f 00 f7 e7 01 86
0d b9 78 b9 66 00 00 00 9e 26 f9 65 91 d3 51 c8
df e9 11 b5 dc 23 90 00 e2 00 00 00 ff 32 e9 ea
64 c1 5e 06 6d d6 2e d1 3d 71 48 12 e3 00 00 00
42 61 ee 01 08 20 41 28 f0 ff 68 7f c3 50 d1 82
de 00 00 00 9e 0a b8 d3 96 f3 24 9a 39 58 dd 93
0f 81 f6 1b 48 01 00 00 7e 4f ab f3 62 51 54 31
68 22 c6 86 17 47 fd 4d 4c 00 00 00 d8 f1 b2 5b
f1 45 80 4b d4 1d a2 d6 46 84 d6 05 1a 00 00 00
12 ad 00 94 28 af 14 58 ad b6 d6 71 c5 6d 57 d2
0c 00 00 00 81 d6 f6 3d a5 3d 28 f3 2e fd 4d 3f
6b 1d 3d a8 57 00 00 00 24 09 a9 3f 8e 4d 21 9a
23 ac 09 a3 77 1c d8 5e 0f 00 00 00 52 b9 48 12
01 67 98 37 cd 24 9e 4a 88 b7 e1 91 d2 00 00 00
e5 d9 c3 f7 f5 ed 66 28 80 2b 22 e6 e5 b0 a7 dd
bf 00 00 00 0e cf fb 31 ec 4a b0 a6 70 d7 d7 77
80 f8 39 4f 54 04 00 00 f4 cb 51 b6 29 5f 88 97
69 c6 59 d5 a0 30 78 16 5a 00 00 00 db 08 8f 9c
2f 22 24 da 9f 48 88 79 46 78 56 e5 a9 00 00 00
37 41 28 cb fd 28 f0 c6 c4 f3 5a a1 9e 2b 34 97
a5 00 00 00 1e f3 6f 8d 55 f8 11 63 5a ef 30 e7
b5 b6 7e ae a8 00 00 00 e9 5f 93 e7 df fb a8 0b
23 fb c5 b4 44 96 b5 1e aa 00 00 00 ff e1 57 7a
e9 98 66 4a dc 2a 48 d2 3e 3a f6 4e 0f 01 00 00
7b 66 2f 55 17 a2 6e d1 98 d8 e3 0f c0 db 38 23
a6 00 00 00 7f 08 55 b4 6e bb 20 29 50 cf c0 df
91 65 2d 37 a4 00 00 00 f6 cd 0e 46 d4 04 dd 7c
bd 7a d8 9a e2 a4 d7 a9 9e 00 00 00 77 16 54 63
cf 74 0b 6e 0f 7a 2f bf ed 6d a6 42 bc 00 00 00
83 d6 17 2d d1 b8 7c a3 a9 5a f7 b8 16 9e 55 6b
7c 00 00 00 e0 da 14 89 01 d8 1b 94 24 9c 67 d7
5d e5 9c c6 5c 00 00 00 e0 da 14 89 01 d8 1b 94
24 9c 67 d7 5d e5 9c c6 7a 00 00 00 23 ec f5 0b
dc 20 a3 f1 0f 67 40 52 3b 7f f2 9b 7d 00 00 00
e0 da 14 89 01 d8 1b 94 24 9c 67 d7 5d e5 9c c6
78 00 00 00 e1 e2 9b 18 83 3a 25 87 b4 86 5b a0
75 66 f8 65 6b 01 00 00 95 5c 33 5a 47 a0 62 c2
0d 7b a8 4c 00 34 20 0e 2d 00 00 00 12 b6 d6 dd
ee 20 d8 39 c1 ce 09 46 21 19 ac 43 ab 00 00 00
f6 d3 a7 5b 89 ef 31 c9 10 58 bc 27 55 45 e9 bc
e4 00 00 00 d7 6c 3b 80 d0 aa 21 04 9d 79 6c f1
e4 ff ea 90 bb 00 00 00 6b 01 55 c4 a5 eb bd 79
d6 df 73 60 de b0 be c1 75 00 00 00 ef 13 be 83
8f c3 2a c3 f1 f5 17 1b 6e 36 cb 9f 60 00 00 00
51 e1 58 2d 8c 78 0f 31 f3 79 3c 76 92 ee 02 03
3f 8c 3d 58 77 16 54 63 cf 74 0b 6e 0f 7a 2f bf
ed 6d a6 42 1d 00 00 00 30 2d 53 4c db 11 b9 ab
e5 72 48 2d 62 46 2d 78 8a 00 00 00 1f 99 47 25
ca 62 8a 20 bb 05 26 ce df 9c b4 4b 4b 00 00 00
13 6d 01 ab bc 91 c9 9a 32 0d 66 ce 5f c6 f7 7f
32 00 00 00 6e 8b 67 0a 26 a7 7e 98 18 67 11 bb
06 94 6b 54 e7 00 00 00 ae 80 79 39 ad e3 02 88
86 63 9c 95 ab ef b6 fc e8 00 00 00 e2 b8 30 43
e4 9d 70 f3 80 53 2e 96 8b 2a e4 37 ff 00 00 00
a1 c9 57 3d 4e 64 cb 58 c2 1a 89 52 59 5d cd 42
00 01 00 00 52 2a 79 3e aa 36 7d 6b 2e 21 d0 dd
b8 ab c7 ef e9 00 00 00 49 81 9f 70 99 c6 ee 5a
4f a6 48 86 6f c8 ee 9d fe 00 00 00 29 36 85 70
9e 84 96 3c df 8b dc c9 76 41 2c 50 01 01 00 00
31 24 1d 84 f8 4b be 81 21 a4 8c 96 3a 86 43 73
ea 00 00 00 57 52 45 48 d9 37 3f 44 6e ad 04 4b
2d 53 5e 87 eb 00 00 00 da bb 71 3c 30 54 36 ac
10 93 89 2b e3 33 6e e9 f7 00 00 00 83 d6 df 87
be fe 23 be 66 5b 84 bf 37 35 45 99 6a 01 00 00
15 61 04 83 ba b7 96 a6 2a 64 cf 95 fd 20 57 7f
f9 00 00 00 79 ea 75 b3 fe 6c f5 dc e1 0f 4f b7
5b 2c 1a 6c fd 00 00 00 76 20 1b e0 e7 90 65 4f
2d e4 1d 7c 17 26 1b 46 fa 00 00 00 cb 33 cf 0e
23 b5 12 4a d4 ae 6c 16 12 82 fe f7 fb 00 00 00
a4 2d ff 49 d7 2d 1f 8f b2 a9 24 72 2c 24 b9 54
fc 00 00 00 08 39 3b c2 93 f4 d2 2c de f0 7d 1a
53 09 79 c7 e1 00 00 00 5b c4 2b 93 15 92 67 aa
bb a7 24 a6 a7 92 36 03 c1 00 00 00 ec c0 da aa
9a f9 af 0a 0c 1c e2 75 b4 52 c9 ef 18 01 00 00
9e ef 81 7e 7b da a3 9f 9f 69 77 0c 68 1f c1 e3
45 00 00 00 53 ef 0c 30 69 2a ed 01 fb de b9 37
a0 4f 75 11 fc 5d 53 c9 74 f3 30 10 b4 5d 8f 92
c6 c8 6e 88 4b 1c 10 c3 c9 b1 3a 02 84 07 71 bf
03 5b 3e a1 52 8e a1 fd 7c 01 79 6f c6 0c 4e 2f
17 2e a2 29 4b 25 5b 9e 44 21 21 04 69 ab 15 47
a6 5d c1 97 64 38 f2 04 cc 20 af 0b 50 a7 35 69
c7 b2 04 f7 60 4b 06 4a 9b 1b a1 0b 9a 0b 5a 4f
4e 41 94 b6 a2 31 3d e4 5e d4 7f 1a 12 bb 2d 80
e8 b2 de 54 24 16 78 22 7e ca e6 0f 92 cb 6f 67
07 60 2c 21 dc 07 d7 ad 69 b3 99 a4 6e 92 c4 83
bf 1c 04 ca e7 bf 5e 4e bc 28 56 11 79 5d fc 7d
3a bf e2 20 00 00 00 00 00 00 00 00 00 00 00 00
00 00 00 00 c9 db 47 8e 88 93 28 14 2e 5d 97 30
51 cd b4 c7 5e a1 9b 8a 83 c9 9d 99 05 88 5f c1
a7 23 40 50 92 49 99 2d 8c 8c e0 16 ae 7d 4a 02
f1 1e 39 3f 1b 8c 02 d0 aa 82 fb f0 36 a2 b9 b2
d7 13 ee c3 ac a5 04 e8 f5 dd f2 20 4c 69 27 87
74 ff 1f 8e 0b 03 99 c4 b7 b4 9c 44 0f a7 18 ac
e4 ac 58 5a a3 c6 a6 62 54 3b a8 25 9e 9d cd f8
27 ad 41 d3 60 c9 55 7b cc fd bd 49 2b 40 ba 21
ea 87 62 60 89 1d 43 73 fe c4 8d 2c eb f6 19 f3
0f cc aa 4d 56 05 4d 5c 8b d1 9e bc cd db b2 95
22 d1 a0 93 18 25 77 ad dc 21 7c 31 36 c5 64 96
37 58 26 0a 17 5d d0 0a e9 65 53 b8 a0 4a f9 b4
a3 d0 27 a2 ea aa 0b af 79 86 c8 33 04 98 5e 43
8c 5c 46 5d 30 2f 3e 44 7e 26 d9 fd 28 66 64 f4
7b 29 08 78 e0 13 a4 69 bf b7 00 35 38 09 5d cb
a4 87 51 3d b8 f0 57 a5 d9 6b 66 23 4b 32 30 a0
d8 00 dc f6 2a ad 81 f9 d3 2b 62 3c b2 10 db ab
ee 32 99 62 45 f3 43 1f 01 03 c4 16 11 e8 d4 ee
c3 d4 39 df cf 88 3a f5 45 0f 98 3f e4 51 fe 56
39 b2 f2 66 a4 ef 7c 59 ab 72 01 ab 10 9d e3 69
01 ce b4 9b 17 9f 8e 5e 7b 27 1f 43 70 4d 78 36
43 b2 06 df 08 57 85 19 97 29 11 a4 ce f6 15 d1
ed 50 0b 7a 9b 66 ad 2d ef 28 30 43 44 f0 c3 cd
06 e8 9d c7 6d bf 2b cb 8a 3e 3f ae 9e 95 7e ef
01 4c ac 8f 47 b5 93 9d c7 9a e2 43 ef a9 81 93
de 50 b2 dc 71 75 3e a0 eb 9c 62 da cf 48 2d 9a
b1 81 ce 16 95 db 30 cf 2b 8f 4b 45 9a 24 31 05
fa 46 cf bd 00 00 00 00 00 00 00 00 00 00 00 00
00 00 00 00 10 66 95 d9 c7 d7 7b 47 d5 64 ff dd
b2 19 b1 1c 05 52 4b 8f 65 9e 7b fe 57 56 d1 33
5f ec 24 ba af d1 3c 1a 54 cb e0 47 69 67 35 6f
bb 68 ac 39 76 9e 57 6f cd 3f 60 fa 29 a2 cc cb
9e 81 27 d9 1d 1d 17 91 11 49 5c 4b 8a a3 c6 69
0f 3f 5e 44 e9 bd ab f9 26 5d 75 8d 56 f0 1b b1
88 91 6f a8 28 06 63 13 27 f7 89 4c 03 ea e0 81
15 90 13 77 28 3f 45 56 5a ed 3e 06 06 08 52 46
70 d9 f8 1a 94 b9 1f 20 bc 18 14 52 66 49 8c e0
76 af 75 65 05 52 4b 8f 65 9e 7b fe 57 56 d1 33
5f ec 24 ba ac ce e0 40 7a 9b d5 55 d5 63 8b 3a
30 29 b6 63 eb 1b 98 ea e5 8d 1c 3c dd d6 ef 45
53 52 06 42 fd 32 15 9c 07 77 f5 57 48 97 b9 66
4d 2c d7 c5 c2 27 5a 8b fb b9 f9 94 2c ad 75 ec
df de d4 1d d4 a3 8d 0b 00 db d2 5d d6 28 3a a8
61 1a f6 d2 00 00 00 00 00 00 00 00 00 00 00 00
00 00 00 00 fb f6 8e 19 1f 8f b6 5f d6 4d ac 7e
00 1a e9 69 00 00 00 00 00 00 00 00 00 00 00 00
00 00 00 00 8e 15 19 e7 36 a3 ab 64 13 37 98 60
bd f0 52 72 00 00 00 00 00 00 00 00 00 00 00 00
00 00 00 00 f2 86 d2 be 23 fe 8a 66 f5 72 9e 24
22 49 7b e5 46 35 16 d5 b5 fe 8e 67 a0 a2 4c 48
f2 09 5b 04 30 2f f1 0d 4c a1 c5 67 c0 e7 d2 8c
64 69 9b 55 00 00 00 00 00 00 00 00 00 00 00 00
00 00 00 00 1d 73 c4 f9 67 72 93 69 2b ff 40 7f
8e af 2e 37 60 b2 bb 65 24 10 a5 86 7a 5a b9 a0
1c d3 84 61 94 37 07 a5 9a 2c 04 6c 06 74 ff f1
5d 76 95 83 49 cd 62 a5 78 ef c0 a5 99 b8 10 a2
b6 6c d4 9c bf 2c 78 b1 39 d2 1e 71 5e 05 61 c7
97 1d cb 94 00 00 00 00 00 00 00 00 00 00 00 00
00 00 00 00 7c cf 4d 92 ba c0 85 76 67 5b 3c 06
aa 6d e4 47 f6 1c 07 93 41 1f 10 cf 5f bf a1 47
3f ef 5e f2 39 87 17 4f 24 5b 6e 7d 0a da 8b 24
8c 7e da 8a b9 d3 58 49 0d e4 bf dd 25 95 b1 17
5d b8 82 6f 5d 4a ac c5 f2 0e 95 81 c9 77 a0 e7
7f 02 cf 7d 05 52 4b 8f 65 9e 7b fe 57 56 d1 33
5f ec 24 ba a2 a5 88 f7 c9 e3 58 83 df db cd e5
fd 5e fe 24 96 86 c1 44 6c e9 be a5 35 4c 16 2e
1f 0f 11 9e 47 fc 01 15 f6 11 96 83 d8 63 b2 ce
1f 70 4b 03 00 00 00 00 00 00 00 00 00 00 00 00
00 00 00 00 b0 36 52 9b 53 33 b6 8d 24 7e 00 1e
52 bb 73 a3 73 84 36 88 b5 12 56 ae d0 59 f0 49
c5 40 bc a8 0c 11 d1 68 34 1d eb 95 ad f5 c5 d6
df 70 65 c3 9d 17 8a 32 93 7c 7f ac 8f 23 a9 49
ac 13 7f 70 1f cd 14 b6 ad e6 5a 9b ef 29 b4 1d
af 3b 01 e9 8e 28 bf d0 17 10 b1 80 59 e3 eb 5e
a5 a4 64 3b c8 09 0b c2 61 5d 66 9b 82 b3 58 b0
43 43 e5 6e 56 05 4d 5c 8b d1 9e bc cd db b2 95
22 d1 a0 93 33 d8 53 1a 70 a2 94 9b 14 6d 58 bd
e4 8f 7d cb 35 a8 52 71 51 42 03 b4 4e 5f 03 17
c8 42 c9 0b 4d ae 17 f6 c0 ec 14 a1 a4 cf 76 8a
8c 21 b4 cc c6 3d b4 3c 73 0f a2 cb b8 ca 07 de
15 89 8c b6 08 2d fa ef 4f 74 48 a1 95 12 f8 e8
c5 60 dd e4 05 52 4b 8f 65 9e 7b fe 57 56 d1 33
5f ec 24 ba 38 30 0d 82 dd 46 64 a2 8e f5 f7 d9
bd 47 47 1d 42 6c 06 44 8d 7c ff 8f 42 61 76 0b
2d 8e 78 1f 71 de a1 64 b5 38 7f a2 d4 e5 90 18
c5 e5 09 7a 3f 32 f0 8a 64 da f4 0b 09 ed 86 4d
96 fe 38 40 44 5d 07 27 6a bc 0e a7 90 85 b7 15
93 be 79 29 05 52 4b 8f 65 9e 7b fe 57 56 d1 33
5f ec 24 ba ed 6f 06 c1 a0 58 bf ab 9e 24 02 f7
c1 34 19 fb fc 1e 0f 4d 84 39 d9 92 80 83 47 46
91 51 1a 13 25 6b 13 4d eb 08 dc b2 3f e4 00 8a
64 b1 0f d5 53 2d 94 42 1c a6 f6 83 4d d7 d6 35
86 e9 9d 46 cd a9 e1 ef a1 6d ee c1 d5 c7 6a c3
19 50 42 20 00 00 00 00 00 00 00 00 00 00 00 00
00 00 00 00 c6 c2 89 bb c2 15 47 c3 ba 27 d9 3f
12 2c 23 0e 00 00 00 00 00 00 00 00 00 00 00 00
00 00 00 00 25 3f 5f f8 89 9d 54 c4 21 65 d6 cb
4e bf fe d1 05 52 4b 8f 65 9e 7b fe 57 56 d1 33
5f ec 24 ba 0c 37 48 6b 1e ed 24 ca 01 be 12 b2
d6 8d 1c ce 3a ba e1 88 3f 7a 8d 3a dd 33 d8 08
b4 41 d9 f4 e1 06 ab dd 8c 58 14 cb 41 0a d1 10
4b 0c f5 7c 53 2d 94 42 1c a6 f6 83 4d d7 d6 35
86 e9 9d 46 cc 87 f8 07 6f d6 0a cd ec 18 29 9f
54 90 34 36 c3 8e c0 d2 1c 42 5a 27 4f 55 b7 41
4a 6e 54 c1 cc dc 55 04 a4 d9 81 cf 91 84 9b 42
86 de 06 e2 00 00 00 00 00 00 00 00 00 00 00 00
00 00 00 00 be 44 d0 0a cf 9d 2e d3 af a5 f3 56
6a 23 8a a1 f9 63 68 81 e1 42 ad c1 15 92 4c c7
aa 54 3b 66 57 41 7e f5 31 5a 45 d3 6e d6 68 86
9e 83 54 84 05 52 4b 8f 65 9e 7b fe 57 56 d1 33
5f ec 24 ba fe b7 83 16 cd 92 81 dc 9a 5a bc 23
a6 31 6d 28 00 00 00 00 00 00 00 00 00 00 00 00
00 00 00 00 90 09 0d 1d a4 0c 7c e1 33 67 ef 75
8d 01 65 17 1b 8c 02 d0 aa 82 fb f0 36 a2 b9 b2
d7 13 ee c3 0f 75 e4 b9 a1 9b 23 e3 51 23 c9 7d
98 b2 61 87 bc 68 ed b0 af 57 4b f7 9f 95 50 ea
d8 eb ae 5c b5 6a 9f 2d 7a c9 d7 e4 0b bb 81 9f
7d c8 78 11 00 00 00 00 00 00 00 00 00 00 00 00
00 00 00 00 c7 7a 4d 79 17 77 6b f0 c8 e8 ac 77
88 8d 95 ed 86 d3 6c 43 c5 35 41 d6 67 10 0d c9
0b 89 cf ba 53 1a a4 a7 6d d5 29 fd 56 b3 87 ce
69 a5 98 d3 a3 5d c9 cc a2 fa eb c5 f5 f1 ae b9
e8 e4 7b be 91 2f 21 5f 69 af 85 fd 3b 31 47 af
74 af 8f 87 17 6f 67 aa e4 ec 72 73 cf ef 37 fd
88 76 bd 9a e5 ae a1 30 16 e4 13 fe 26 da f3 16
7a 73 30 af 00 00 00 00 00 00 00 00 00 00 00 00
00 00 00 00 03 00 00 00 0b 00 00 00 08 00 00 00
15 00 00 00 00 00 00 00 02 00 00 00 06 00 00 00
07 00 00 00 46 61 73 74 65 73 74 00 00 00 00 00
00 00 00 00 00 00 00 00 01 00 00 00 01 00 00 00
00 00 70 41 00 00 00 40 ab aa aa 3e 89 88 88 3d
cd cc 4c 3e ef ee ee 3e 01 00 00 00 01 00 00 00
00 00 00 00 00 00 00 00 00 00 00 00 00 00 00 00
9a 99 99 3e 00 00 00 00 04 00 00 00 02 00 00 00
04 00 00 00 04 00 00 00 46 61 73 74 00 00 00 00
00 00 00 00 00 00 00 00 01 00 00 00 01 00 00 00
00 00 a0 41 00 00 00 40 ab aa aa 3e 89 88 88 3d
cd cc 4c 3e ef ee ee 3e 02 00 00 00 00 00 00 00
00 00 00 00 00 00 00 00 00 00 00 00 00 00 00 00
cd cc cc 3e 00 00 00 00 10 00 00 00 02 00 00 00
04 00 00 00 06 00 00 00 53 69 6d 70 6c 65 00 00
01 00 00 00 01 00 00 00 00 00 00 00 01 00 00 00
01 00 00 00 00 00 a0 41 00 00 00 40 ab aa aa 3e
89 88 88 3d cd cc 4c 3e ef ee ee 3e 02 00 00 00
00 00 00 00 01 00 00 00 00 00 00 00 00 00 00 00
01 00 00 00 33 33 33 3f 00 00 00 00 40 00 00 00
02 00 00 00 04 00 00 00 04 00 00 00 47 6f 6f 64
02 00 00 00 02 00 00 00 01 00 00 00 01 00 00 00
02 00 00 00 00 00 20 42 00 00 00 40 ab aa aa 3e
89 88 88 3d cd cc 4c 3e ef ee ee 3e 02 00 00 00
00 00 00 00 01 00 00 00 00 00 00 00 00 01 01 01
01 00 00 00 00 00 80 3f 00 00 00 00 00 01 00 00
02 00 00 00 04 00 00 00 09 00 00 00 42 65 61 75
74 69 66 75 6c 00 00 00 03 00 00 00 02 00 00 00
02 00 00 00 01 00 00 00 02 00 00 00 00 00 8c 42
00 00 00 40 ab aa aa 3e 89 88 88 3d cd cc 4c 3e
ef ee ee 3e 04 00 00 00 00 00 00 00 02 00 00 00
02 00 00 00 01 01 01 01 01 00 00 00 00 00 c0 3f
00 00 00 00 00 04 00 00 02 00 00 00 04 00 00 00
09 00 00 00 46 61 6e 74 61 73 74 69 63 00 00 00
04 00 00 00 02 00 00 00 02 00 00 00 01 00 00 00
04 00 00 00 00 00 16 43 00 00 00 40 ab aa aa 3e
89 88 88 3d cd cc 4c 3e ef ee ee 3e 04 00 00 00
00 00 00 00 02 00 00 00 02 00 00 00 01 01 01 01
01 00 00 00 00 00 00 40 00 00 00 00 00 10 00 00
02 00 00 00 04 00 00 00 00 00 00 00 00 00 00 00
00 00 00 00 00 00 00 00 00 00 00 00 00 00 70 41
00 00 00 00 00 00 00 00 20 00 00 00 08 00 00 00
57 61 6c 6b 61 62 6c 65 00 00 80 3f 0c 00 00 00
4e 6f 74 20 57 61 6c 6b 61 62 6c 65 00 00 80 3f
04 00 00 00 4a 75 6d 70 00 00 00 40 00 00 00 00
00 00 80 3f 00 00 00 00 00 00 80 3f 00 00 00 00
00 00 80 3f 00 00 00 00 00 00 80 3f 00 00 00 00
00 00 80 3f 00 00 00 00 00 00 80 3f 00 00 00 00
00 00 80 3f 00 00 00 00 00 00 80 3f 00 00 00 00
00 00 80 3f 00 00 00 00 00 00 80 3f 00 00 00 00
00 00 80 3f 00 00 00 00 00 00 80 3f 00 00 00 00
00 00 80 3f 00 00 00 00 00 00 80 3f 00 00 00 00
00 00 80 3f 00 00 00 00 00 00 80 3f 00 00 00 00
00 00 80 3f 00 00 00 00 00 00 80 3f 00 00 00 00
00 00 80 3f 00 00 00 00 00 00 80 3f 00 00 00 00
00 00 80 3f 00 00 00 00 00 00 80 3f 00 00 00 00
00 00 80 3f 00 00 00 00 00 00 80 3f 00 00 00 00
00 00 80 3f 00 00 00 00 00 00 80 3f 00 00 00 00
00 00 80 3f 00 00 00 00 00 00 80 3f 00 00 00 00
00 00 80 3f 1f b3 1a cb 01 00 00 00 00 00 00 00
00 00 00 3f 00 00 00 40 00 00 34 42 00 00 40 3f
00 00 00 00 00 00 00 00 00 00 00 40 00 00 00 00
ab aa 2a 3e 00 00 00 00 00 01 00 00 00 00 00 00
01 00 00 00 08 00 00 00 48 75 6d 61 6e 6f 69 64
00 00 00 00 c3 f5 1c c1 00 00 00 00 00 00 00 00
00 00 00 00 08 00 00 00 03 00 00 00 00 00 80 3f
cd cc 4c 3e 00 00 00 41 00 00 c8 42 00 00 b4 43
cd cc 4c 3e 00 00 40 3f 00 00 00 3f 0a d7 23 3c
00 00 00 40 0a d7 23 3c 01 01 00 00 20 00 00 00
ff ff ff ff ff ff ff ff ff ff ff ff ff ff ff ff
ff ff ff ff ff ff ff ff ff ff ff ff ff ff ff ff
ff ff ff ff ff ff ff ff ff ff ff ff ff ff ff ff
ff ff ff ff ff ff ff ff ff ff ff ff ff ff ff ff
ff ff ff ff ff ff ff ff ff ff ff ff ff ff ff ff
ff ff ff ff ff ff ff ff ff ff ff ff ff ff ff ff
ff ff ff ff ff ff ff ff ff ff ff ff ff ff ff ff
ff ff ff ff ff ff ff ff ff ff ff ff ff ff ff ff
01 00 00 00 1a 00 00 00 55 6e 69 74 79 45 64 69
74 6f 72 2e 41 64 76 65 72 74 69 73 65 6d 65 6e
74 73 00 00 01 00 00 00 1a 00 00 00 55 6e 69 74
79 45 64 69 74 6f 72 2e 41 64 76 65 72 74 69 73
65 6d 65 6e 74 73 00 00 01 00 00 00 00 00 00 00
00 00 00 00 0e 00 00 00 55 6e 69 74 79 41 64 73
45 64 69 74 6f 72 00 00 01 00 00 00 00 00 00 00
00 00 00 00 01 00 00 00 00 00 00 00 0c 00 00 00
45 64 69 74 6f 72 4f 6e 4c 6f 61 64 00 00 00 00
01 00 00 00 00 00 00 00 00 00 00 00 00 00 00 00
00 00 00 00 00 00 00 00 00 00 00 00 00 00 00 00
00 00 00 00 00 00 00 00 38 00 00 00 68 74 74 70
73 3a 2f 2f 70 65 72 66 2d 65 76 65 6e 74 73 2e
63 6c 6f 75 64 2e 75 6e 69 74 79 33 64 2e 63 6f
6d 2f 61 70 69 2f 65 76 65 6e 74 73 2f 63 72 61
73 68 65 73 00 00 00 00 00 00 00 00 00 01 00 00
00 00 00 00 00 00 00 00 00 01 00 00 ff ff ff ff
00 00 00 00 00 00 00 00 00 00 00 00            